timeStamp,elapsed,responseCode,success,grpThreads,allThreads,Latency
1767620644219,38,200,true,15,15,35
1767620644219,58,200,true,15,15,57
1767620644217,60,200,true,15,15,60
1767620644221,56,200,true,15,15,56
1767620644219,58,200,true,15,15,58
1767620644219,58,200,true,15,15,58
1767620644219,59,200,true,15,15,59
1767620644220,58,200,true,15,15,58
1767620644219,59,200,true,15,15,59
1767620644219,59,200,true,15,15,59
1767620644220,59,200,true,15,15,58
1767620644219,60,200,true,15,15,60
1767620644219,60,200,true,15,15,60
1767620644219,60,200,true,15,15,60
1767620644219,60,200,true,15,15,60
1767620644260,20,200,true,15,15,20
1767620644278,35,200,true,15,15,35
1767620644278,35,200,true,15,15,35
1767620644278,35,200,true,15,15,35
1767620644278,36,200,true,15,15,36
1767620644278,36,200,true,15,15,36
1767620644278,36,200,true,15,15,36
1767620644278,36,200,true,15,15,36
1767620644278,36,200,true,15,15,36
1767620644279,36,200,true,15,15,36
1767620644279,36,200,true,15,15,36
1767620644279,36,200,true,15,15,36
1767620644279,36,200,true,15,15,36
1767620644280,35,200,true,15,15,35
1767620644279,37,200,true,15,15,37
1767620644280,36,200,true,15,15,36
1767620644314,28,200,true,15,15,28
1767620644314,28,200,true,15,15,28
1767620644314,28,200,true,15,15,28
1767620644315,27,200,true,15,15,27
1767620644315,27,200,true,15,15,27
1767620644315,28,200,true,15,15,28
1767620644315,28,200,true,15,15,28
1767620644314,29,200,true,15,15,29
1767620644315,28,200,true,15,15,28
1767620644315,28,200,true,15,15,28
1767620644314,30,200,true,15,15,30
1767620644316,28,200,true,15,15,28
1767620644316,28,200,true,15,15,28
1767620644316,28,200,true,15,15,28
1767620644316,29,200,true,15,15,29
1767620644342,27,200,true,15,15,27
1767620644343,26,200,true,15,15,26
1767620644342,27,200,true,15,15,27
1767620644343,26,200,true,15,15,26
1767620644343,26,200,true,15,15,26
1767620644343,27,200,true,15,15,27
1767620644343,27,200,true,15,15,27
1767620644343,27,200,true,15,15,27
1767620644344,27,200,true,15,15,27
1767620644344,27,200,true,15,15,27
1767620644344,27,200,true,15,15,27
1767620644344,27,200,true,15,15,27
1767620644345,26,200,true,15,15,26
1767620644345,27,200,true,15,15,27
1767620644345,27,200,true,15,15,27
1767620644369,28,200,true,15,15,28
1767620644369,28,200,true,15,15,28
1767620644369,28,200,true,15,15,28
1767620644370,28,200,true,15,15,28
1767620644370,28,200,true,15,15,28
1767620644370,28,200,true,15,15,28
1767620644370,28,200,true,15,15,28
1767620644371,27,200,true,15,15,27
1767620644371,27,200,true,15,15,27
1767620644371,28,200,true,15,15,28
1767620644371,28,200,true,15,15,28
1767620644372,27,200,true,15,15,27
1767620644372,28,200,true,15,15,28
1767620644372,28,200,true,15,15,28
1767620644372,28,200,true,15,15,28
1767620644398,32,200,true,15,15,32
1767620644398,32,200,true,15,15,32
1767620644398,32,200,true,15,15,32
1767620644398,32,200,true,15,15,32
1767620644398,32,200,true,15,15,32
1767620644398,33,200,true,15,15,33
1767620644398,33,200,true,15,15,33
1767620644399,32,200,true,15,15,32
1767620644399,33,200,true,15,15,32
1767620644399,33,200,true,15,15,33
1767620644399,33,200,true,15,15,33
1767620644400,32,200,true,15,15,32
1767620644400,32,200,true,15,15,32
1767620644400,33,200,true,15,15,32
1767620644400,33,200,true,15,15,33
1767620644430,31,200,true,15,15,31
1767620644430,31,200,true,15,15,31
1767620644430,31,200,true,15,15,31
1767620644431,31,200,true,15,15,30
1767620644431,31,200,true,15,15,31
1767620644431,31,200,true,15,15,31
1767620644431,31,200,true,15,15,31
1767620644432,30,200,true,15,15,30
1767620644432,31,200,true,15,15,31
1767620644432,31,200,true,15,15,31
1767620644432,31,200,true,15,15,31
1767620644432,32,200,true,15,15,32
1767620644433,31,200,true,15,15,31
1767620644433,31,200,true,15,15,31
1767620644433,31,200,true,15,15,31
1767620644461,38,200,true,15,15,38
1767620644461,38,200,true,15,15,38
1767620644461,38,200,true,15,15,38
1767620644462,38,200,true,15,15,38
1767620644462,38,200,true,15,15,38
1767620644462,38,200,true,15,15,38
1767620644462,38,200,true,15,15,38
1767620644463,37,200,true,15,15,37
1767620644463,38,200,true,15,15,38
1767620644463,38,200,true,15,15,38
1767620644464,37,200,true,15,15,37
1767620644464,37,200,true,15,15,37
1767620644464,38,200,true,15,15,37
1767620644464,38,200,true,15,15,38
1767620644465,37,200,true,15,15,37
1767620644500,36,200,true,15,15,36
1767620644500,36,200,true,15,15,36
1767620644500,36,200,true,15,15,36
1767620644500,37,200,true,15,15,36
1767620644500,37,200,true,15,15,37
1767620644500,37,200,true,15,15,37
1767620644500,37,200,true,15,15,37
1767620644501,37,200,true,15,15,37
1767620644501,49,200,true,15,15,49
1767620644501,49,200,true,15,15,49
1767620644501,49,200,true,15,15,49
1767620644502,48,200,true,15,15,48
1767620644501,50,200,true,15,15,50
1767620644502,49,200,true,15,15,49
1767620644502,49,200,true,15,15,49
1767620644536,31,200,true,15,15,31
1767620644536,32,200,true,15,15,32
1767620644537,32,200,true,15,15,32
1767620644537,32,200,true,15,15,32
1767620644537,32,200,true,15,15,32
1767620644537,33,200,true,15,15,33
1767620644538,32,200,true,15,15,32
1767620644538,32,200,true,15,15,32
1767620644550,25,200,true,15,15,25
1767620644550,25,200,true,15,15,25
1767620644550,26,200,true,15,15,26
1767620644551,25,200,true,15,15,25
1767620644551,25,200,true,15,15,25
1767620644551,25,200,true,15,15,25
1767620644552,25,200,true,15,15,25
1767620644568,18,200,true,15,15,18
1767620644569,17,200,true,15,15,17
1767620644569,17,200,true,15,15,17
1767620644569,29,200,true,15,15,29
1767620644570,28,200,true,15,15,28
1767620644570,29,200,true,15,15,28
1767620644570,29,200,true,15,15,29
1767620644570,29,200,true,15,15,29
1767620644576,27,200,true,15,15,27
1767620644576,27,200,true,15,15,27
1767620644576,27,200,true,15,15,27
1767620644576,28,200,true,15,15,28
1767620644576,28,200,true,15,15,28
1767620644577,27,200,true,15,15,27
1767620644577,27,200,true,15,15,27
1767620644586,19,200,true,15,15,19
1767620644586,19,200,true,15,15,19
1767620644586,19,200,true,15,15,19
1767620644598,20,200,true,15,15,20
1767620644599,19,200,true,15,15,19
1767620644599,20,200,true,15,15,20
1767620644599,20,200,true,15,15,20
1767620644599,20,200,true,15,15,20
1767620644603,39,200,true,15,15,39
1767620644603,39,200,true,15,15,39
1767620644604,39,200,true,15,15,38
1767620644604,39,200,true,15,15,39
1767620644604,39,200,true,15,15,39
1767620644604,39,200,true,15,15,39
1767620644605,38,200,true,15,15,38
1767620644605,39,200,true,15,15,39
1767620644605,39,200,true,15,15,39
1767620644605,39,200,true,15,15,39
1767620644619,25,200,true,15,15,25
1767620644619,26,200,true,15,15,25
1767620644619,26,200,true,15,15,26
1767620644619,26,200,true,15,15,26
1767620644619,26,200,true,15,15,26
1767620644643,37,200,true,15,15,37
1767620644643,37,200,true,15,15,37
1767620644643,37,200,true,15,15,37
1767620644643,37,200,true,15,15,37
1767620644643,38,200,true,15,15,38
1767620644643,38,200,true,15,15,38
1767620644643,38,200,true,15,15,38
1767620644644,38,200,true,15,15,37
1767620644644,38,200,true,15,15,38
1767620644644,38,200,true,15,15,38
1767620644644,38,200,true,15,15,38
1767620644645,37,200,true,15,15,37
1767620644645,38,200,true,15,15,37
1767620644645,38,200,true,15,15,38
1767620644645,38,200,true,15,15,38
1767620644680,12,200,true,15,15,12
1767620644680,13,200,true,15,15,13
1767620644681,12,200,true,15,15,12
1767620644681,31,200,true,15,15,31
1767620644681,31,200,true,15,15,31
1767620644681,32,200,true,15,15,32
1767620644681,32,200,true,15,15,32
1767620644682,31,200,true,15,15,31
1767620644682,31,200,true,15,15,31
1767620644682,31,200,true,15,15,31
1767620644682,32,200,true,15,15,31
1767620644683,31,200,true,15,15,31
1767620644683,31,200,true,15,15,31
1767620644683,31,200,true,15,15,31
1767620644683,31,200,true,15,15,31
1767620644693,22,200,true,15,15,22
1767620644693,22,200,true,15,15,22
1767620644693,22,200,true,15,15,22
1767620644713,29,200,true,15,15,29
1767620644713,29,200,true,15,15,29
1767620644713,30,200,true,15,15,30
1767620644713,30,200,true,15,15,30
1767620644713,30,200,true,15,15,30
1767620644713,30,200,true,15,15,30
1767620644713,30,200,true,15,15,30
1767620644714,29,200,true,15,15,29
1767620644714,30,200,true,15,15,30
1767620644714,30,200,true,15,15,30
1767620644714,30,200,true,15,15,30
1767620644715,29,200,true,15,15,29
1767620644715,30,200,true,15,15,30
1767620644715,30,200,true,15,15,30
1767620644715,30,200,true,15,15,30
1767620644743,28,200,true,15,15,28
1767620644743,28,200,true,15,15,27
1767620644743,28,200,true,15,15,28
1767620644743,28,200,true,15,15,28
1767620644743,28,200,true,15,15,28
1767620644743,29,200,true,15,15,29
1767620644744,28,200,true,15,15,28
1767620644744,28,200,true,15,15,28
1767620644744,28,200,true,15,15,28
1767620644744,29,200,true,15,15,29
1767620644744,29,200,true,15,15,29
1767620644744,29,200,true,15,15,29
1767620644745,28,200,true,15,15,28
1767620644745,28,200,true,15,15,28
1767620644745,29,200,true,15,15,29
1767620644771,29,200,true,15,15,29
1767620644771,29,200,true,15,15,29
1767620644771,29,200,true,15,15,29
1767620644771,29,200,true,15,15,29
1767620644772,29,200,true,15,15,29
1767620644772,29,200,true,15,15,29
1767620644772,29,200,true,15,15,29
1767620644772,29,200,true,15,15,29
1767620644773,29,200,true,15,15,29
1767620644773,29,200,true,15,15,29
1767620644773,29,200,true,15,15,29
1767620644773,29,200,true,15,15,29
1767620644773,30,200,true,15,15,30
1767620644774,29,200,true,15,15,29
1767620644774,29,200,true,15,15,29
1767620644800,35,200,true,15,15,35
1767620644800,35,200,true,15,15,35
1767620644800,36,200,true,15,15,36
1767620644801,35,200,true,15,15,35
1767620644801,35,200,true,15,15,35
1767620644801,35,200,true,15,15,35
1767620644801,35,200,true,15,15,35
1767620644802,35,200,true,15,15,35
1767620644802,35,200,true,15,15,35
1767620644802,35,200,true,15,15,35
1767620644802,35,200,true,15,15,35
1767620644803,34,200,true,15,15,34
1767620644803,35,200,true,15,15,35
1767620644803,35,200,true,15,15,35
1767620644803,35,200,true,15,15,35
1767620644836,45,200,true,15,15,45
1767620644836,45,200,true,15,15,45
1767620644836,45,200,true,15,15,45
1767620644836,46,200,true,15,15,46
1767620644836,46,200,true,15,15,46
1767620644836,46,200,true,15,15,46
1767620644836,46,200,true,15,15,46
1767620644837,46,200,true,15,15,46
1767620644837,46,200,true,15,15,46
1767620644837,46,200,true,15,15,46
1767620644837,46,200,true,15,15,46
1767620644838,45,200,true,15,15,45
1767620644838,46,200,true,15,15,46
1767620644838,46,200,true,15,15,46
1767620644838,46,200,true,15,15,46
1767620644881,35,200,true,15,15,34
1767620644881,35,200,true,15,15,35
1767620644882,34,200,true,15,15,34
1767620644882,34,200,true,15,15,34
1767620644882,34,200,true,15,15,34
1767620644882,34,200,true,15,15,34
1767620644882,35,200,true,15,15,35
1767620644883,34,200,true,15,15,34
1767620644883,34,200,true,15,15,34
1767620644883,34,200,true,15,15,34
1767620644883,34,200,true,15,15,34
1767620644884,34,200,true,15,15,34
1767620644884,34,200,true,15,15,34
1767620644884,34,200,true,15,15,34
1767620644885,33,200,true,15,15,33
1767620644916,30,200,true,15,15,29
1767620644916,30,200,true,15,15,30
1767620644916,30,200,true,15,15,30
1767620644916,30,200,true,15,15,30
1767620644916,30,200,true,15,15,30
1767620644917,30,200,true,15,15,30
1767620644917,30,200,true,15,15,30
1767620644917,30,200,true,15,15,30
1767620644917,30,200,true,15,15,30
1767620644917,31,200,true,15,15,31
1767620644918,30,200,true,15,15,30
1767620644918,30,200,true,15,15,30
1767620644918,30,200,true,15,15,30
1767620644918,31,200,true,15,15,31
1767620644918,31,200,true,15,15,31
1767620644946,36,200,true,15,15,36
1767620644946,36,200,true,15,15,36
1767620644946,36,200,true,15,15,36
1767620644946,36,200,true,15,15,36
1767620644947,35,200,true,15,15,35
1767620644947,35,200,true,15,15,35
1767620644947,36,200,true,15,15,36
1767620644947,36,200,true,15,15,36
1767620644948,35,200,true,15,15,35
1767620644948,35,200,true,15,15,35
1767620644948,35,200,true,15,15,35
1767620644948,36,200,true,15,15,36
1767620644949,35,200,true,15,15,35
1767620644949,35,200,true,15,15,35
1767620644949,36,200,true,15,15,35
1767620644982,27,200,true,15,15,27
1767620644982,28,200,true,15,15,27
1767620644982,28,200,true,15,15,28
1767620644982,28,200,true,15,15,28
1767620644983,27,200,true,15,15,27
1767620644983,27,200,true,15,15,27
1767620644983,27,200,true,15,15,27
1767620644983,28,200,true,15,15,28
1767620644983,28,200,true,15,15,28
1767620644984,27,200,true,15,15,27
1767620644984,27,200,true,15,15,27
1767620644984,27,200,true,15,15,27
1767620644984,28,200,true,15,15,28
1767620644984,28,200,true,15,15,28
1767620644985,27,200,true,15,15,27
1767620645010,34,200,true,15,15,34
1767620645010,35,200,true,15,15,35
1767620645010,35,200,true,15,15,35
1767620645010,35,200,true,15,15,35
1767620645010,35,200,true,15,15,35
1767620645010,36,200,true,15,15,36
1767620645011,35,200,true,15,15,35
1767620645011,35,200,true,15,15,35
1767620645011,35,200,true,15,15,35
1767620645011,36,200,true,15,15,36
1767620645011,36,200,true,15,15,36
1767620645012,35,200,true,15,15,35
1767620645012,35,200,true,15,15,35
1767620645012,36,200,true,15,15,36
1767620645012,36,200,true,15,15,36
1767620645045,29,200,true,15,15,29
1767620645045,30,200,true,15,15,30
1767620645045,30,200,true,15,15,30
1767620645045,30,200,true,15,15,30
1767620645045,30,200,true,15,15,30
1767620645046,29,200,true,15,15,29
1767620645046,29,200,true,15,15,29
1767620645046,30,200,true,15,15,30
1767620645047,29,200,true,15,15,29
1767620645047,29,200,true,15,15,29
1767620645047,29,200,true,15,15,29
1767620645047,30,200,true,15,15,29
1767620645048,29,200,true,15,15,29
1767620645048,29,200,true,15,15,29
1767620645048,29,200,true,15,15,29
1767620645075,27,200,true,15,15,27
1767620645075,28,200,true,15,15,28
1767620645075,28,200,true,15,15,28
1767620645075,28,200,true,15,15,28
1767620645075,28,200,true,15,15,28
1767620645075,28,200,true,15,15,28
1767620645076,27,200,true,15,15,27
1767620645076,28,200,true,15,15,28
1767620645076,28,200,true,15,15,28
1767620645076,28,200,true,15,15,28
1767620645076,28,200,true,15,15,28
1767620645077,27,200,true,15,15,27
1767620645077,28,200,true,15,15,28
1767620645077,28,200,true,15,15,28
1767620645077,28,200,true,15,15,28
1767620645103,29,200,true,15,15,29
1767620645103,30,200,true,15,15,30
1767620645103,30,200,true,15,15,30
1767620645103,30,200,true,15,15,30
1767620645103,30,200,true,15,15,30
1767620645103,30,200,true,15,15,30
1767620645104,29,200,true,15,15,29
1767620645104,30,200,true,15,15,30
1767620645104,30,200,true,15,15,30
1767620645104,30,200,true,15,15,30
1767620645104,31,200,true,15,15,30
1767620645105,30,200,true,15,15,30
1767620645105,30,200,true,15,15,30
1767620645105,30,200,true,15,15,30
1767620645105,30,200,true,15,15,30
1767620645133,26,200,true,15,15,26
1767620645133,27,200,true,15,15,27
1767620645133,27,200,true,15,15,27
1767620645133,27,200,true,15,15,27
1767620645133,27,200,true,15,15,27
1767620645133,28,200,true,15,15,28
1767620645134,27,200,true,15,15,27
1767620645134,27,200,true,15,15,27
1767620645134,27,200,true,15,15,27
1767620645134,28,200,true,15,15,28
1767620645135,27,200,true,15,15,27
1767620645135,27,200,true,15,15,27
1767620645135,27,200,true,15,15,27
1767620645135,27,200,true,15,15,27
1767620645135,27,200,true,15,15,27
1767620645160,15,200,true,15,15,15
1767620645160,15,200,true,15,15,15
1767620645160,16,200,true,15,15,16
1767620645160,16,200,true,15,15,16
1767620645160,16,200,true,15,15,16
1767620645161,34,200,true,15,15,34
1767620645161,34,200,true,15,15,34
1767620645161,34,200,true,15,15,34
1767620645161,34,200,true,15,15,34
1767620645162,33,200,true,15,15,33
1767620645162,34,200,true,15,15,34
1767620645162,34,200,true,15,15,34
1767620645162,34,200,true,15,15,34
1767620645162,34,200,true,15,15,34
1767620645163,34,200,true,15,15,34
1767620645176,21,200,true,15,15,21
1767620645176,21,200,true,15,15,21
1767620645176,21,200,true,15,15,21
1767620645176,22,200,true,15,15,22
1767620645176,22,200,true,15,15,22
1767620645195,37,200,true,15,15,37
1767620645195,37,200,true,15,15,37
1767620645195,37,200,true,15,15,37
1767620645195,37,200,true,15,15,37
1767620645196,36,200,true,15,15,36
1767620645196,37,200,true,15,15,37
1767620645196,37,200,true,15,15,37
1767620645196,37,200,true,15,15,37
1767620645197,36,200,true,15,15,36
1767620645197,36,200,true,15,15,36
1767620645197,37,200,true,15,15,37
1767620645197,37,200,true,15,15,37
1767620645198,36,200,true,15,15,36
1767620645198,36,200,true,15,15,36
1767620645198,37,200,true,15,15,37
1767620645232,28,200,true,15,15,28
1767620645232,28,200,true,15,15,28
1767620645232,28,200,true,15,15,28
1767620645232,28,200,true,15,15,28
1767620645233,27,200,true,15,15,27
1767620645233,28,200,true,15,15,28
1767620645233,28,200,true,15,15,28
1767620645233,28,200,true,15,15,28
1767620645233,28,200,true,15,15,28
1767620645234,27,200,true,15,15,27
1767620645234,28,200,true,15,15,28
1767620645234,28,200,true,15,15,28
1767620645234,28,200,true,15,15,28
1767620645235,28,200,true,15,15,28
1767620645235,28,200,true,15,15,28
1767620645260,34,200,true,15,15,34
1767620645260,34,200,true,15,15,34
1767620645260,34,200,true,15,15,34
1767620645260,34,200,true,15,15,34
1767620645261,34,200,true,15,15,34
1767620645261,34,200,true,15,15,34
1767620645261,34,200,true,15,15,34
1767620645261,34,200,true,15,15,34
1767620645261,34,200,true,15,15,34
1767620645262,34,200,true,15,15,34
1767620645262,34,200,true,15,15,34
1767620645262,34,200,true,15,15,34
1767620645262,34,200,true,15,15,34
1767620645263,33,200,true,15,15,33
1767620645263,34,200,true,15,15,34
1767620645294,28,200,true,15,15,28
1767620645294,29,200,true,15,15,29
1767620645294,29,200,true,15,15,29
1767620645295,28,200,true,15,15,28
1767620645295,28,200,true,15,15,28
1767620645295,29,200,true,15,15,29
1767620645295,29,200,true,15,15,29
1767620645295,29,200,true,15,15,29
1767620645296,28,200,true,15,15,28
1767620645296,29,200,true,15,15,29
1767620645296,29,200,true,15,15,29
1767620645296,29,200,true,15,15,29
1767620645296,30,200,true,15,15,30
1767620645297,29,200,true,15,15,29
1767620645297,29,200,true,15,15,29
1767620645323,30,200,true,15,15,30
1767620645323,30,200,true,15,15,30
1767620645323,30,200,true,15,15,30
1767620645323,30,200,true,15,15,30
1767620645323,30,200,true,15,15,30
1767620645324,29,200,true,15,15,29
1767620645324,30,200,true,15,15,30
1767620645325,29,200,true,15,15,29
1767620645324,30,200,true,15,15,30
1767620645325,29,200,true,15,15,29
1767620645325,29,200,true,15,15,29
1767620645325,30,200,true,15,15,30
1767620645326,29,200,true,15,15,29
1767620645326,29,200,true,15,15,29
1767620645327,28,200,true,15,15,28
1767620645353,28,200,true,15,15,28
1767620645353,28,200,true,15,15,28
1767620645353,29,200,true,15,15,29
1767620645353,29,200,true,15,15,29
1767620645354,28,200,true,15,15,28
1767620645353,29,200,true,15,15,29
1767620645354,28,200,true,15,15,28
1767620645354,28,200,true,15,15,28
1767620645354,29,200,true,15,15,29
1767620645354,29,200,true,15,15,29
1767620645354,29,200,true,15,15,29
1767620645355,28,200,true,15,15,28
1767620645355,29,200,true,15,15,29
1767620645355,29,200,true,15,15,29
1767620645355,29,200,true,15,15,29
1767620645382,35,200,true,15,15,35
1767620645382,36,200,true,15,15,36
1767620645382,36,200,true,15,15,36
1767620645382,36,200,true,15,15,36
1767620645382,36,200,true,15,15,36
1767620645382,37,200,true,15,15,37
1767620645382,37,200,true,15,15,37
1767620645383,36,200,true,15,15,36
1767620645383,36,200,true,15,15,36
1767620645383,37,200,true,15,15,37
1767620645383,37,200,true,15,15,37
1767620645383,37,200,true,15,15,37
1767620645384,37,200,true,15,15,37
1767620645384,37,200,true,15,15,37
1767620645384,37,200,true,15,15,37
1767620645418,29,200,true,15,15,29
1767620645418,29,200,true,15,15,29
1767620645418,29,200,true,15,15,29
1767620645418,30,200,true,15,15,30
1767620645419,29,200,true,15,15,29
1767620645419,29,200,true,15,15,29
1767620645419,29,200,true,15,15,29
1767620645419,29,200,true,15,15,29
1767620645420,28,200,true,15,15,28
1767620645420,29,200,true,15,15,29
1767620645420,29,200,true,15,15,29
1767620645420,29,200,true,15,15,29
1767620645421,28,200,true,15,15,28
1767620645421,28,200,true,15,15,28
1767620645421,29,200,true,15,15,29
1767620645447,52,200,true,15,15,52
1767620645447,52,200,true,15,15,52
1767620645448,52,200,true,15,15,52
1767620645448,52,200,true,15,15,52
1767620645448,52,200,true,15,15,52
1767620645448,52,200,true,15,15,52
1767620645448,52,200,true,15,15,52
1767620645449,52,200,true,15,15,52
1767620645449,52,200,true,15,15,52
1767620645449,52,200,true,15,15,52
1767620645449,52,200,true,15,15,52
1767620645449,53,200,true,15,15,53
1767620645449,53,200,true,15,15,53
1767620645450,52,200,true,15,15,52
1767620645450,52,200,true,15,15,52
1767620645500,28,200,true,15,15,28
1767620645500,28,200,true,15,15,28
1767620645500,28,200,true,15,15,28
1767620645500,28,200,true,15,15,28
1767620645500,29,200,true,15,15,29
1767620645500,29,200,true,15,15,29
1767620645501,28,200,true,15,15,28
1767620645501,28,200,true,15,15,28
1767620645501,28,200,true,15,15,28
1767620645501,29,200,true,15,15,29
1767620645501,29,200,true,15,15,29
1767620645502,28,200,true,15,15,28
1767620645502,28,200,true,15,15,28
1767620645502,29,200,true,15,15,29
1767620645502,29,200,true,15,15,29
1767620645528,28,200,true,15,15,28
1767620645528,28,200,true,15,15,28
1767620645529,27,200,true,15,15,27
1767620645529,27,200,true,15,15,27
1767620645529,28,200,true,15,15,28
1767620645529,28,200,true,15,15,28
1767620645529,28,200,true,15,15,28
1767620645529,29,200,true,15,15,29
1767620645530,28,200,true,15,15,28
1767620645530,28,200,true,15,15,28
1767620645530,29,200,true,15,15,29
1767620645530,29,200,true,15,15,29
1767620645531,28,200,true,15,15,28
1767620645531,28,200,true,15,15,28
1767620645531,29,200,true,15,15,29
1767620645556,29,200,true,15,15,29
1767620645556,29,200,true,15,15,29
1767620645556,30,200,true,15,15,30
1767620645557,29,200,true,15,15,29
1767620645557,29,200,true,15,15,29
1767620645557,29,200,true,15,15,29
1767620645557,29,200,true,15,15,29
1767620645558,29,200,true,15,15,29
1767620645558,29,200,true,15,15,29
1767620645558,29,200,true,15,15,29
1767620645559,28,200,true,15,15,28
1767620645559,28,200,true,15,15,28
1767620645559,29,200,true,15,15,29
1767620645559,29,200,true,15,15,29
1767620645560,28,200,true,15,15,28
1767620645586,34,200,true,15,15,34
1767620645586,34,200,true,15,15,34
1767620645586,34,200,true,15,15,34
1767620645586,35,200,true,15,15,35
1767620645586,35,200,true,15,15,35
1767620645586,35,200,true,15,15,35
1767620645587,34,200,true,15,15,34
1767620645587,34,200,true,15,15,34
1767620645587,35,200,true,15,15,35
1767620645587,35,200,true,15,15,35
1767620645587,35,200,true,15,15,35
1767620645588,34,200,true,15,15,34
1767620645588,34,200,true,15,15,34
1767620645588,35,200,true,15,15,35
1767620645588,35,200,true,15,15,35
1767620645621,28,200,true,15,15,28
1767620645621,28,200,true,15,15,28
1767620645621,27,200,true,15,15,27
1767620645621,27,200,true,15,15,27
1767620645621,28,200,true,15,15,28
1767620645621,28,200,true,15,15,28
1767620645621,28,200,true,15,15,28
1767620645622,27,200,true,15,15,27
1767620645622,28,200,true,15,15,28
1767620645622,28,200,true,15,15,28
1767620645622,28,200,true,15,15,28
1767620645622,28,200,true,15,15,28
1767620645623,28,200,true,15,15,28
1767620645623,28,200,true,15,15,28
1767620645623,28,200,true,15,15,28
1767620645649,27,200,true,15,15,27
1767620645649,27,200,true,15,15,27
1767620645649,27,200,true,15,15,27
1767620645649,28,200,true,15,15,28
1767620645649,28,200,true,15,15,28
1767620645649,28,200,true,15,15,28
1767620645649,28,200,true,15,15,28
1767620645650,27,200,true,15,15,27
1767620645650,28,200,true,15,15,28
1767620645650,28,200,true,15,15,28
1767620645650,28,200,true,15,15,28
1767620645651,27,200,true,15,15,27
1767620645651,27,200,true,15,15,27
1767620645651,28,200,true,15,15,28
1767620645651,28,200,true,15,15,28
1767620645676,28,200,true,15,15,28
1767620645677,27,200,true,15,15,27
1767620645677,27,200,true,15,15,27
1767620645677,28,200,true,15,15,28
1767620645677,28,200,true,15,15,28
1767620645677,28,200,true,15,15,28
1767620645677,28,200,true,15,15,28
1767620645678,27,200,true,15,15,27
1767620645678,28,200,true,15,15,28
1767620645678,28,200,true,15,15,28
1767620645678,28,200,true,15,15,28
1767620645678,28,200,true,15,15,28
1767620645679,27,200,true,15,15,27
1767620645679,28,200,true,15,15,28
1767620645679,28,200,true,15,15,28
1767620645704,33,200,true,15,15,33
1767620645704,33,200,true,15,15,33
1767620645705,33,200,true,15,15,32
1767620645705,33,200,true,15,15,33
1767620645705,33,200,true,15,15,33
1767620645705,33,200,true,15,15,33
1767620645705,33,200,true,15,15,33
1767620645706,33,200,true,15,15,33
1767620645706,33,200,true,15,15,33
1767620645706,33,200,true,15,15,33
1767620645706,33,200,true,15,15,33
1767620645706,33,200,true,15,15,33
1767620645707,33,200,true,15,15,33
1767620645707,33,200,true,15,15,33
1767620645707,33,200,true,15,15,33
1767620645738,28,200,true,15,15,28
1767620645738,28,200,true,15,15,28
1767620645738,29,200,true,15,15,29
1767620645738,29,200,true,15,15,29
1767620645738,29,200,true,15,15,29
1767620645738,29,200,true,15,15,29
1767620645738,29,200,true,15,15,29
1767620645739,29,200,true,15,15,29
1767620645739,29,200,true,15,15,29
1767620645739,29,200,true,15,15,29
1767620645739,29,200,true,15,15,29
1767620645739,30,200,true,15,15,30
1767620645740,29,200,true,15,15,29
1767620645740,32,200,true,15,15,32
1767620645740,33,200,true,15,15,33
1767620645767,28,200,true,15,15,28
1767620645767,28,200,true,15,15,28
1767620645767,28,200,true,15,15,28
1767620645767,28,200,true,15,15,28
1767620645767,28,200,true,15,15,28
1767620645767,28,200,true,15,15,28
1767620645768,28,200,true,15,15,28
1767620645768,28,200,true,15,15,28
1767620645768,28,200,true,15,15,28
1767620645768,28,200,true,15,15,28
1767620645769,27,200,true,15,15,27
1767620645769,28,200,true,15,15,28
1767620645769,28,200,true,15,15,28
1767620645773,24,200,true,15,15,24
1767620645773,25,200,true,15,15,25
1767620645795,33,200,true,15,15,33
1767620645795,33,200,true,15,15,33
1767620645795,33,200,true,15,15,33
1767620645795,33,200,true,15,15,33
1767620645795,33,200,true,15,15,33
1767620645796,32,200,true,15,15,32
1767620645796,33,200,true,15,15,33
1767620645796,33,200,true,15,15,33
1767620645796,33,200,true,15,15,33
1767620645796,33,200,true,15,15,33
1767620645797,33,200,true,15,15,33
1767620645797,33,200,true,15,15,33
1767620645797,33,200,true,15,15,33
1767620645797,33,200,true,15,15,33
1767620645798,32,200,true,15,15,32
1767620645828,28,200,true,15,15,28
1767620645828,28,200,true,15,15,28
1767620645828,29,200,true,15,15,28
1767620645828,29,200,true,15,15,29
1767620645828,29,200,true,15,15,29
1767620645829,28,200,true,15,15,28
1767620645829,28,200,true,15,15,28
1767620645829,28,200,true,15,15,28
1767620645829,29,200,true,15,15,29
1767620645829,29,200,true,15,15,29
1767620645830,28,200,true,15,15,28
1767620645830,28,200,true,15,15,28
1767620645830,28,200,true,15,15,28
1767620645830,29,200,true,15,15,29
1767620645830,29,200,true,15,15,29
1767620645856,34,200,true,15,15,34
1767620645856,34,200,true,15,15,34
1767620645857,33,200,true,15,15,33
1767620645857,34,200,true,15,15,34
1767620645857,34,200,true,15,15,34
1767620645857,34,200,true,15,15,34
1767620645857,34,200,true,15,15,34
1767620645858,33,200,true,15,15,33
1767620645858,34,200,true,15,15,34
1767620645858,34,200,true,15,15,34
1767620645858,34,200,true,15,15,34
1767620645858,34,200,true,15,15,34
1767620645859,33,200,true,15,15,33
1767620645859,34,200,true,15,15,34
1767620645859,34,200,true,15,15,34
1767620645891,27,200,true,15,15,27
1767620645891,27,200,true,15,15,27
1767620645891,27,200,true,15,15,27
1767620645891,27,200,true,15,15,27
1767620645891,27,200,true,15,15,27
1767620645891,27,200,true,15,15,27
1767620645891,28,200,true,15,15,28
1767620645892,27,200,true,15,15,27
1767620645892,27,200,true,15,15,27
1767620645892,27,200,true,15,15,27
1767620645892,27,200,true,15,15,27
1767620645892,28,200,true,15,15,28
1767620645892,28,200,true,15,15,28
1767620645893,27,200,true,15,15,27
1767620645893,27,200,true,15,15,27
1767620645918,27,200,true,15,15,27
1767620645918,27,200,true,15,15,27
1767620645918,28,200,true,15,15,28
1767620645918,28,200,true,15,15,28
1767620645918,28,200,true,15,15,28
1767620645919,27,200,true,15,15,27
1767620645919,27,200,true,15,15,27
1767620645919,28,200,true,15,15,28
1767620645919,28,200,true,15,15,28
1767620645919,28,200,true,15,15,28
1767620645920,27,200,true,15,15,27
1767620645920,27,200,true,15,15,27
1767620645920,27,200,true,15,15,27
1767620645920,28,200,true,15,15,28
1767620645921,27,200,true,15,15,27
1767620645946,35,200,true,15,15,35
1767620645946,35,200,true,15,15,35
1767620645946,36,200,true,15,15,35
1767620645946,36,200,true,15,15,36
1767620645946,37,200,true,15,15,37
1767620645946,38,200,true,15,15,38
1767620645946,38,200,true,15,15,38
1767620645947,38,200,true,15,15,38
1767620645947,38,200,true,15,15,38
1767620645947,39,200,true,15,15,39
1767620645947,40,200,true,15,15,40
1767620645947,41,200,true,15,15,41
1767620645948,41,200,true,15,15,41
1767620645948,41,200,true,15,15,41
1767620645948,41,200,true,15,15,41
1767620645981,54,200,true,15,15,54
1767620645981,54,200,true,15,15,54
1767620645982,53,200,true,15,15,53
1767620645982,53,200,true,15,15,53
1767620645984,52,200,true,15,15,52
1767620645984,52,200,true,15,15,52
1767620645984,52,200,true,15,15,52
1767620645985,52,200,true,15,15,52
1767620645985,52,200,true,15,15,52
1767620645986,51,200,true,15,15,51
1767620645987,51,200,true,15,15,51
1767620645988,50,200,true,15,15,50
1767620645989,49,200,true,15,15,49
1767620645989,49,200,true,15,15,49
1767620645989,50,200,true,15,15,50
1767620646035,30,200,true,15,15,30
1767620646035,30,200,true,15,15,30
1767620646035,31,200,true,15,15,31
1767620646036,30,200,true,15,15,30
1767620646036,30,200,true,15,15,30
1767620646036,30,200,true,15,15,30
1767620646037,32,200,true,15,15,31
1767620646037,32,200,true,15,15,32
1767620646037,32,200,true,15,15,32
1767620646037,32,200,true,15,15,32
1767620646038,32,200,true,15,15,32
1767620646038,32,200,true,15,15,32
1767620646038,32,200,true,15,15,32
1767620646038,32,200,true,15,15,32
1767620646039,32,200,true,15,15,32
1767620646065,37,200,true,15,15,37
1767620646065,37,200,true,15,15,37
1767620646066,37,200,true,15,15,37
1767620646066,37,200,true,15,15,37
1767620646066,37,200,true,15,15,37
1767620646066,38,200,true,15,15,38
1767620646069,35,200,true,15,15,35
1767620646069,35,200,true,15,15,35
1767620646069,35,200,true,15,15,35
1767620646069,36,200,true,15,15,36
1767620646070,35,200,true,15,15,35
1767620646070,35,200,true,15,15,35
1767620646070,36,200,true,15,15,36
1767620646070,36,200,true,15,15,36
1767620646071,35,200,true,15,15,35
1767620646103,41,200,true,15,15,41
1767620646103,42,200,true,15,15,42
1767620646103,42,200,true,15,15,42
1767620646103,42,200,true,15,15,42
1767620646103,43,200,true,15,15,43
1767620646104,42,200,true,15,15,42
1767620646104,42,200,true,15,15,42
1767620646104,42,200,true,15,15,42
1767620646105,42,200,true,15,15,42
1767620646105,42,200,true,15,15,42
1767620646105,42,200,true,15,15,42
1767620646105,42,200,true,15,15,42
1767620646106,42,200,true,15,15,41
1767620646106,47,200,true,15,15,47
1767620646106,48,200,true,15,15,48
1767620646145,22,200,true,15,15,22
1767620646145,22,200,true,15,15,22
1767620646145,22,200,true,15,15,22
1767620646145,34,200,true,15,15,34
1767620646146,33,200,true,15,15,33
1767620646146,33,200,true,15,15,33
1767620646146,33,200,true,15,15,33
1767620646147,33,200,true,15,15,33
1767620646147,33,200,true,15,15,33
1767620646147,33,200,true,15,15,33
1767620646147,33,200,true,15,15,33
1767620646147,34,200,true,15,15,34
1767620646148,33,200,true,15,15,33
1767620646154,27,200,true,15,15,27
1767620646154,27,200,true,15,15,27
1767620646167,18,200,true,15,15,18
1767620646167,18,200,true,15,15,18
1767620646167,18,200,true,15,15,18
1767620646179,30,200,true,15,15,30
1767620646179,30,200,true,15,15,30
1767620646179,30,200,true,15,15,30
1767620646180,29,200,true,15,15,29
1767620646180,30,200,true,15,15,30
1767620646180,30,200,true,15,15,30
1767620646180,30,200,true,15,15,30
1767620646181,29,200,true,15,15,29
1767620646181,30,200,true,15,15,30
1767620646181,30,200,true,15,15,30
1767620646181,30,200,true,15,15,30
1767620646181,30,200,true,15,15,30
1767620646185,26,200,true,15,15,26
1767620646185,27,200,true,15,15,27
1767620646186,26,200,true,15,15,26
1767620646209,30,200,true,15,15,30
1767620646209,30,200,true,15,15,30
1767620646209,31,200,true,15,15,31
1767620646209,31,200,true,15,15,31
1767620646210,30,200,true,15,15,30
1767620646210,30,200,true,15,15,30
1767620646210,30,200,true,15,15,30
1767620646210,31,200,true,15,15,31
1767620646211,30,200,true,15,15,30
1767620646211,30,200,true,15,15,30
1767620646211,30,200,true,15,15,30
1767620646211,30,200,true,15,15,30
1767620646211,31,200,true,15,15,31
1767620646212,30,200,true,15,15,30
1767620646212,30,200,true,15,15,30
1767620646240,27,200,true,15,15,27
1767620646240,28,200,true,15,15,28
1767620646240,28,200,true,15,15,28
1767620646240,28,200,true,15,15,28
1767620646240,28,200,true,15,15,28
1767620646240,28,200,true,15,15,28
1767620646240,28,200,true,15,15,28
1767620646241,28,200,true,15,15,28
1767620646241,28,200,true,15,15,28
1767620646241,28,200,true,15,15,28
1767620646241,28,200,true,15,15,28
1767620646242,28,200,true,15,15,28
1767620646242,28,200,true,15,15,28
1767620646242,28,200,true,15,15,28
1767620646242,28,200,true,15,15,28
1767620646268,31,200,true,15,15,31
1767620646268,31,200,true,15,15,31
1767620646268,31,200,true,15,15,31
1767620646268,32,200,true,15,15,32
1767620646268,32,200,true,15,15,32
1767620646268,32,200,true,15,15,32
1767620646268,32,200,true,15,15,32
1767620646269,31,200,true,15,15,31
1767620646269,32,200,true,15,15,32
1767620646269,32,200,true,15,15,32
1767620646269,32,200,true,15,15,32
1767620646270,31,200,true,15,15,31
1767620646270,31,200,true,15,15,31
1767620646270,32,200,true,15,15,32
1767620646270,32,200,true,15,15,32
1767620646299,27,200,true,15,15,27
1767620646299,27,200,true,15,15,27
1767620646299,27,200,true,15,15,27
1767620646300,27,200,true,15,15,27
1767620646300,27,200,true,15,15,27
1767620646300,27,200,true,15,15,27
1767620646300,27,200,true,15,15,27
1767620646301,26,200,true,15,15,26
1767620646301,27,200,true,15,15,27
1767620646301,27,200,true,15,15,27
1767620646301,27,200,true,15,15,27
1767620646301,27,200,true,15,15,27
1767620646301,27,200,true,15,15,27
1767620646302,27,200,true,15,15,27
1767620646302,27,200,true,15,15,27
1767620646326,31,200,true,15,15,31
1767620646326,31,200,true,15,15,31
1767620646326,31,200,true,15,15,31
1767620646327,30,200,true,15,15,30
1767620646327,31,200,true,15,15,31
1767620646327,31,200,true,15,15,31
1767620646327,31,200,true,15,15,31
1767620646328,30,200,true,15,15,30
1767620646328,30,200,true,15,15,30
1767620646328,31,200,true,15,15,31
1767620646328,31,200,true,15,15,31
1767620646328,31,200,true,15,15,31
1767620646329,30,200,true,15,15,30
1767620646329,30,200,true,15,15,30
1767620646329,31,200,true,15,15,31
1767620646357,28,200,true,15,15,28
1767620646357,28,200,true,15,15,28
1767620646357,28,200,true,15,15,28
1767620646358,27,200,true,15,15,27
1767620646358,27,200,true,15,15,27
1767620646358,28,200,true,15,15,28
1767620646358,28,200,true,15,15,28
1767620646358,28,200,true,15,15,28
1767620646358,28,200,true,15,15,28
1767620646359,28,200,true,15,15,28
1767620646359,28,200,true,15,15,28
1767620646359,28,200,true,15,15,28
1767620646359,28,200,true,15,15,28
1767620646360,27,200,true,15,15,27
1767620646360,28,200,true,15,15,28
1767620646385,35,200,true,15,15,35
1767620646385,35,200,true,15,15,35
1767620646385,35,200,true,15,15,35
1767620646385,36,200,true,15,15,36
1767620646386,35,200,true,15,15,35
1767620646386,35,200,true,15,15,35
1767620646386,35,200,true,15,15,35
1767620646386,35,200,true,15,15,35
1767620646386,36,200,true,15,15,36
1767620646387,35,200,true,15,15,35
1767620646387,35,200,true,15,15,35
1767620646387,35,200,true,15,15,35
1767620646387,38,200,true,15,15,38
1767620646387,38,200,true,15,15,38
1767620646388,37,200,true,15,15,37
1767620646420,33,200,true,15,15,33
1767620646420,33,200,true,15,15,33
1767620646420,33,200,true,15,15,33
1767620646421,32,200,true,15,15,32
1767620646421,32,200,true,15,15,32
1767620646421,33,200,true,15,15,33
1767620646421,33,200,true,15,15,33
1767620646421,33,200,true,15,15,33
1767620646422,32,200,true,15,15,32
1767620646422,32,200,true,15,15,32
1767620646422,33,200,true,15,15,33
1767620646422,33,200,true,15,15,33
1767620646425,30,200,true,15,15,30
1767620646425,30,200,true,15,15,30
1767620646425,30,200,true,15,15,30
1767620646453,27,200,true,15,15,27
1767620646453,27,200,true,15,15,27
1767620646453,27,200,true,15,15,27
1767620646453,28,200,true,15,15,28
1767620646453,28,200,true,15,15,28
1767620646454,27,200,true,15,15,27
1767620646454,27,200,true,15,15,27
1767620646454,27,200,true,15,15,27
1767620646454,28,200,true,15,15,27
1767620646455,27,200,true,15,15,27
1767620646455,27,200,true,15,15,27
1767620646455,27,200,true,15,15,27
1767620646455,27,200,true,15,15,27
1767620646455,28,200,true,15,15,28
1767620646456,27,200,true,15,15,27
1767620646480,27,200,true,15,15,27
1767620646480,27,200,true,15,15,27
1767620646480,27,200,true,15,15,27
1767620646481,26,200,true,15,15,26
1767620646481,26,200,true,15,15,26
1767620646481,27,200,true,15,15,27
1767620646481,27,200,true,15,15,27
1767620646481,27,200,true,15,15,27
1767620646482,26,200,true,15,15,26
1767620646482,26,200,true,15,15,26
1767620646482,27,200,true,15,15,27
1767620646482,27,200,true,15,15,27
1767620646482,27,200,true,15,15,27
1767620646483,26,200,true,15,15,26
1767620646483,26,200,true,15,15,26
1767620646507,34,200,true,15,15,34
1767620646507,35,200,true,15,15,35
1767620646507,35,200,true,15,15,35
1767620646507,35,200,true,15,15,35
1767620646507,35,200,true,15,15,35
1767620646508,34,200,true,15,15,34
1767620646508,35,200,true,15,15,35
1767620646508,35,200,true,15,15,35
1767620646508,35,200,true,15,15,35
1767620646508,35,200,true,15,15,35
1767620646509,34,200,true,15,15,34
1767620646509,35,200,true,15,15,35
1767620646509,35,200,true,15,15,35
1767620646509,35,200,true,15,15,35
1767620646509,35,200,true,15,15,35
1767620646542,27,200,true,15,15,27
1767620646542,27,200,true,15,15,27
1767620646542,27,200,true,15,15,27
1767620646542,27,200,true,15,15,27
1767620646542,28,200,true,15,15,28
1767620646543,27,200,true,15,15,27
1767620646543,27,200,true,15,15,27
1767620646543,27,200,true,15,15,27
1767620646543,27,200,true,15,15,27
1767620646543,28,200,true,15,15,28
1767620646543,28,200,true,15,15,28
1767620646544,27,200,true,15,15,27
1767620646544,27,200,true,15,15,27
1767620646544,27,200,true,15,15,27
1767620646544,28,200,true,15,15,28
1767620646569,27,200,true,15,15,27
1767620646569,27,200,true,15,15,27
1767620646569,27,200,true,15,15,27
1767620646569,28,200,true,15,15,28
1767620646570,27,200,true,15,15,27
1767620646570,27,200,true,15,15,27
1767620646570,27,200,true,15,15,27
1767620646570,27,200,true,15,15,27
1767620646570,28,200,true,15,15,28
1767620646571,27,200,true,15,15,27
1767620646571,27,200,true,15,15,27
1767620646571,27,200,true,15,15,27
1767620646571,27,200,true,15,15,27
1767620646571,28,200,true,15,15,28
1767620646572,27,200,true,15,15,27
1767620646596,28,200,true,15,15,28
1767620646596,29,200,true,15,15,29
1767620646596,29,200,true,15,15,29
1767620646597,28,200,true,15,15,28
1767620646597,28,200,true,15,15,28
1767620646597,28,200,true,15,15,28
1767620646597,29,200,true,15,15,29
1767620646597,29,200,true,15,15,29
1767620646598,28,200,true,15,15,28
1767620646598,28,200,true,15,15,28
1767620646598,28,200,true,15,15,28
1767620646598,29,200,true,15,15,29
1767620646598,29,200,true,15,15,29
1767620646599,31,200,true,15,15,31
1767620646599,31,200,true,15,15,31
1767620646625,28,200,true,15,15,28
1767620646625,28,200,true,15,15,28
1767620646625,29,200,true,15,15,29
1767620646625,29,200,true,15,15,29
1767620646625,29,200,true,15,15,29
1767620646625,29,200,true,15,15,29
1767620646626,28,200,true,15,15,28
1767620646626,29,200,true,15,15,29
1767620646626,29,200,true,15,15,29
1767620646626,29,200,true,15,15,29
1767620646626,29,200,true,15,15,29
1767620646627,29,200,true,15,15,29
1767620646627,29,200,true,15,15,29
1767620646630,26,200,true,15,15,26
1767620646631,25,200,true,15,15,25
1767620646653,33,200,true,15,15,33
1767620646654,32,200,true,15,15,32
1767620646654,32,200,true,15,15,32
1767620646654,32,200,true,15,15,32
1767620646654,33,200,true,15,15,33
1767620646654,33,200,true,15,15,33
1767620646654,33,200,true,15,15,33
1767620646655,32,200,true,15,15,32
1767620646655,32,200,true,15,15,32
1767620646655,33,200,true,15,15,33
1767620646655,33,200,true,15,15,33
1767620646656,32,200,true,15,15,32
1767620646656,32,200,true,15,15,32
1767620646656,33,200,true,15,15,33
1767620646656,33,200,true,15,15,33
1767620646686,28,200,true,15,15,28
1767620646686,28,200,true,15,15,28
1767620646686,28,200,true,15,15,28
1767620646686,28,200,true,15,15,28
1767620646687,27,200,true,15,15,27
1767620646687,28,200,true,15,15,28
1767620646687,28,200,true,15,15,28
1767620646687,28,200,true,15,15,28
1767620646688,27,200,true,15,15,27
1767620646688,27,200,true,15,15,27
1767620646688,28,200,true,15,15,28
1767620646688,28,200,true,15,15,28
1767620646688,28,200,true,15,15,28
1767620646689,27,200,true,15,15,27
1767620646689,27,200,true,15,15,27
1767620646714,27,200,true,15,15,27
1767620646714,28,200,true,15,15,28
1767620646714,28,200,true,15,15,28
1767620646714,28,200,true,15,15,28
1767620646714,28,200,true,15,15,28
1767620646715,27,200,true,15,15,27
1767620646715,28,200,true,15,15,28
1767620646715,28,200,true,15,15,28
1767620646715,28,200,true,15,15,28
1767620646715,28,200,true,15,15,28
1767620646716,27,200,true,15,15,27
1767620646716,28,200,true,15,15,28
1767620646716,28,200,true,15,15,28
1767620646716,28,200,true,15,15,28
1767620646716,28,200,true,15,15,28
1767620646742,27,200,true,15,15,27
1767620646742,27,200,true,15,15,27
1767620646742,27,200,true,15,15,27
1767620646742,28,200,true,15,15,28
1767620646742,28,200,true,15,15,28
1767620646742,28,200,true,15,15,28
1767620646743,28,200,true,15,15,28
1767620646743,28,200,true,15,15,28
1767620646743,28,200,true,15,15,28
1767620646743,28,200,true,15,15,28
1767620646744,28,200,true,15,15,28
1767620646744,28,200,true,15,15,28
1767620646744,28,200,true,15,15,28
1767620646744,28,200,true,15,15,28
1767620646744,29,200,true,15,15,29
1767620646769,30,200,true,15,15,30
1767620646769,30,200,true,15,15,30
1767620646770,29,200,true,15,15,29
1767620646770,29,200,true,15,15,29
1767620646770,30,200,true,15,15,30
1767620646770,30,200,true,15,15,30
1767620646771,29,200,true,15,15,29
1767620646771,29,200,true,15,15,29
1767620646771,29,200,true,15,15,29
1767620646772,29,200,true,15,15,29
1767620646772,29,200,true,15,15,29
1767620646772,29,200,true,15,15,29
1767620646772,29,200,true,15,15,29
1767620646773,29,200,true,15,15,29
1767620646773,29,200,true,15,15,29
1767620646799,32,200,true,15,15,32
1767620646799,32,200,true,15,15,32
1767620646799,32,200,true,15,15,32
1767620646800,31,200,true,15,15,31
1767620646800,32,200,true,15,15,32
1767620646800,32,200,true,15,15,32
1767620646800,32,200,true,15,15,32
1767620646800,32,200,true,15,15,32
1767620646801,31,200,true,15,15,31
1767620646801,32,200,true,15,15,32
1767620646801,32,200,true,15,15,32
1767620646801,32,200,true,15,15,32
1767620646801,32,200,true,15,15,32
1767620646802,31,200,true,15,15,31
1767620646802,32,200,true,15,15,32
1767620646831,31,200,true,15,15,31
1767620646831,31,200,true,15,15,31
1767620646831,32,200,true,15,15,32
1767620646831,32,200,true,15,15,32
1767620646832,31,200,true,15,15,31
1767620646832,31,200,true,15,15,31
1767620646832,31,200,true,15,15,31
1767620646832,32,200,true,15,15,32
1767620646832,32,200,true,15,15,32
1767620646833,31,200,true,15,15,31
1767620646833,31,200,true,15,15,31
1767620646833,32,200,true,15,15,32
1767620646833,32,200,true,15,15,32
1767620646833,32,200,true,15,15,32
1767620646834,31,200,true,15,15,31
1767620646863,27,200,true,15,15,27
1767620646863,27,200,true,15,15,27
1767620646863,27,200,true,15,15,27
1767620646863,27,200,true,15,15,27
1767620646863,27,200,true,15,15,27
1767620646863,28,200,true,15,15,28
1767620646864,27,200,true,15,15,27
1767620646864,27,200,true,15,15,27
1767620646864,27,200,true,15,15,27
1767620646864,27,200,true,15,15,27
1767620646864,28,200,true,15,15,28
1767620646865,27,200,true,15,15,27
1767620646865,27,200,true,15,15,27
1767620646865,27,200,true,15,15,27
1767620646865,27,200,true,15,15,27
1767620646890,27,200,true,15,15,27
1767620646890,27,200,true,15,15,27
1767620646890,27,200,true,15,15,27
1767620646890,27,200,true,15,15,27
1767620646890,27,200,true,15,15,27
1767620646891,27,200,true,15,15,27
1767620646891,27,200,true,15,15,27
1767620646891,27,200,true,15,15,27
1767620646891,27,200,true,15,15,27
1767620646891,28,200,true,15,15,27
1767620646892,27,200,true,15,15,27
1767620646892,27,200,true,15,15,27
1767620646892,27,200,true,15,15,27
1767620646892,27,200,true,15,15,27
1767620646892,28,200,true,15,15,28
1767620646917,27,200,true,15,15,27
1767620646917,27,200,true,15,15,27
1767620646917,28,200,true,15,15,28
1767620646917,28,200,true,15,15,28
1767620646918,27,200,true,15,15,27
1767620646918,27,200,true,15,15,27
1767620646918,28,200,true,15,15,28
1767620646918,28,200,true,15,15,28
1767620646918,28,200,true,15,15,28
1767620646919,28,200,true,15,15,28
1767620646919,28,200,true,15,15,28
1767620646919,28,200,true,15,15,28
1767620646919,28,200,true,15,15,28
1767620646919,29,200,true,15,15,29
1767620646920,28,200,true,15,15,28
1767620646944,30,200,true,15,15,30
1767620646945,29,200,true,15,15,29
1767620646945,29,200,true,15,15,29
1767620646945,29,200,true,15,15,29
1767620646945,30,200,true,15,15,30
1767620646946,29,200,true,15,15,29
1767620646946,29,200,true,15,15,29
1767620646946,29,200,true,15,15,29
1767620646946,29,200,true,15,15,29
1767620646947,29,200,true,15,15,29
1767620646947,29,200,true,15,15,29
1767620646947,29,200,true,15,15,29
1767620646947,29,200,true,15,15,29
1767620646948,28,200,true,15,15,28
1767620646948,29,200,true,15,15,29
1767620646974,46,200,true,15,15,46
1767620646974,47,200,true,15,15,47
1767620646974,47,200,true,15,15,47
1767620646974,47,200,true,15,15,47
1767620646975,46,200,true,15,15,46
1767620646975,46,200,true,15,15,46
1767620646975,47,200,true,15,15,47
1767620646975,47,200,true,15,15,47
1767620646975,47,200,true,15,15,47
1767620646976,46,200,true,15,15,46
1767620646976,46,200,true,15,15,46
1767620646976,47,200,true,15,15,47
1767620646976,47,200,true,15,15,47
1767620646976,47,200,true,15,15,47
1767620646977,46,200,true,15,15,46
1767620647021,34,200,true,15,15,34
1767620647021,34,200,true,15,15,34
1767620647021,34,200,true,15,15,34
1767620647021,34,200,true,15,15,34
1767620647021,34,200,true,15,15,34
1767620647021,34,200,true,15,15,34
1767620647022,34,200,true,15,15,34
1767620647022,34,200,true,15,15,34
1767620647022,34,200,true,15,15,34
1767620647022,34,200,true,15,15,34
1767620647022,34,200,true,15,15,34
1767620647023,34,200,true,15,15,34
1767620647023,34,200,true,15,15,34
1767620647023,34,200,true,15,15,34
1767620647023,34,200,true,15,15,34
1767620647055,27,200,true,15,15,27
1767620647055,27,200,true,15,15,27
1767620647055,27,200,true,15,15,27
1767620647055,27,200,true,15,15,27
1767620647055,28,200,true,15,15,28
1767620647055,28,200,true,15,15,28
1767620647056,27,200,true,15,15,27
1767620647056,27,200,true,15,15,27
1767620647056,27,200,true,15,15,27
1767620647056,28,200,true,15,15,28
1767620647056,28,200,true,15,15,28
1767620647057,27,200,true,15,15,27
1767620647057,27,200,true,15,15,27
1767620647057,27,200,true,15,15,27
1767620647057,28,200,true,15,15,28
1767620647082,27,200,true,15,15,27
1767620647082,27,200,true,15,15,27
1767620647082,27,200,true,15,15,27
1767620647082,27,200,true,15,15,27
1767620647083,26,200,true,15,15,26
1767620647083,27,200,true,15,15,27
1767620647083,27,200,true,15,15,27
1767620647083,27,200,true,15,15,27
1767620647083,27,200,true,15,15,27
1767620647084,26,200,true,15,15,26
1767620647084,27,200,true,15,15,27
1767620647084,27,200,true,15,15,27
1767620647084,27,200,true,15,15,27
1767620647084,27,200,true,15,15,27
1767620647085,26,200,true,15,15,26
1767620647109,29,200,true,15,15,29
1767620647109,29,200,true,15,15,29
1767620647109,29,200,true,15,15,29
1767620647109,30,200,true,15,15,30
1767620647109,30,200,true,15,15,30
1767620647110,29,200,true,15,15,29
1767620647110,29,200,true,15,15,29
1767620647110,29,200,true,15,15,29
1767620647110,30,200,true,15,15,30
1767620647110,30,200,true,15,15,30
1767620647111,29,200,true,15,15,29
1767620647111,29,200,true,15,15,29
1767620647111,29,200,true,15,15,29
1767620647111,30,200,true,15,15,30
1767620647111,30,200,true,15,15,30
1767620647138,29,200,true,15,15,29
1767620647138,29,200,true,15,15,29
1767620647138,29,200,true,15,15,29
1767620647139,28,200,true,15,15,28
1767620647139,28,200,true,15,15,28
1767620647139,29,200,true,15,15,28
1767620647139,29,200,true,15,15,29
1767620647139,29,200,true,15,15,29
1767620647140,28,200,true,15,15,28
1767620647140,28,200,true,15,15,28
1767620647140,29,200,true,15,15,29
1767620647140,29,200,true,15,15,29
1767620647140,29,200,true,15,15,29
1767620647141,28,200,true,15,15,28
1767620647141,28,200,true,15,15,28
1767620647167,27,200,true,15,15,27
1767620647167,27,200,true,15,15,27
1767620647167,27,200,true,15,15,27
1767620647167,28,200,true,15,15,28
1767620647167,28,200,true,15,15,28
1767620647168,27,200,true,15,15,27
1767620647168,27,200,true,15,15,27
1767620647168,27,200,true,15,15,27
1767620647168,28,200,true,15,15,28
1767620647168,28,200,true,15,15,28
1767620647169,27,200,true,15,15,27
1767620647169,27,200,true,15,15,27
1767620647169,27,200,true,15,15,27
1767620647169,28,200,true,15,15,28
1767620647169,28,200,true,15,15,28
1767620647194,34,200,true,15,15,34
1767620647194,34,200,true,15,15,34
1767620647195,33,200,true,15,15,33
1767620647195,34,200,true,15,15,34
1767620647195,34,200,true,15,15,34
1767620647195,34,200,true,15,15,34
1767620647195,34,200,true,15,15,34
1767620647196,33,200,true,15,15,33
1767620647196,34,200,true,15,15,34
1767620647196,34,200,true,15,15,34
1767620647196,34,200,true,15,15,34
1767620647196,34,200,true,15,15,34
1767620647197,33,200,true,15,15,33
1767620647197,34,200,true,15,15,34
1767620647197,34,200,true,15,15,34
1767620647228,34,200,true,15,15,34
1767620647228,34,200,true,15,15,34
1767620647228,34,200,true,15,15,34
1767620647229,34,200,true,15,15,34
1767620647229,34,200,true,15,15,34
1767620647229,34,200,true,15,15,34
1767620647229,34,200,true,15,15,34
1767620647230,33,200,true,15,15,33
1767620647230,34,200,true,15,15,34
1767620647230,34,200,true,15,15,34
1767620647230,34,200,true,15,15,34
1767620647230,34,200,true,15,15,34
1767620647231,33,200,true,15,15,33
1767620647231,34,200,true,15,15,34
1767620647231,34,200,true,15,15,34
1767620647262,30,200,true,15,15,30
1767620647262,30,200,true,15,15,30
1767620647263,29,200,true,15,15,29
1767620647263,29,200,true,15,15,29
1767620647263,29,200,true,15,15,29
1767620647263,30,200,true,15,15,30
1767620647263,30,200,true,15,15,30
1767620647264,29,200,true,15,15,29
1767620647264,29,200,true,15,15,29
1767620647264,29,200,true,15,15,29
1767620647264,30,200,true,15,15,30
1767620647264,30,200,true,15,15,30
1767620647265,29,200,true,15,15,29
1767620647265,29,200,true,15,15,29
1767620647265,30,200,true,15,15,30
1767620647292,27,200,true,15,15,27
1767620647292,28,200,true,15,15,28
1767620647292,28,200,true,15,15,28
1767620647292,28,200,true,15,15,28
1767620647293,27,200,true,15,15,27
1767620647293,27,200,true,15,15,27
1767620647293,28,200,true,15,15,28
1767620647293,28,200,true,15,15,28
1767620647293,28,200,true,15,15,28
1767620647294,27,200,true,15,15,27
1767620647294,27,200,true,15,15,27
1767620647294,28,200,true,15,15,28
1767620647294,28,200,true,15,15,28
1767620647294,28,200,true,15,15,28
1767620647295,27,200,true,15,15,27
1767620647320,27,200,true,15,15,27
1767620647320,27,200,true,15,15,27
1767620647320,27,200,true,15,15,27
1767620647320,27,200,true,15,15,27
1767620647320,28,200,true,15,15,28
1767620647320,28,200,true,15,15,28
1767620647321,27,200,true,15,15,27
1767620647321,27,200,true,15,15,27
1767620647321,27,200,true,15,15,27
1767620647321,28,200,true,15,15,28
1767620647321,28,200,true,15,15,28
1767620647322,27,200,true,15,15,27
1767620647322,27,200,true,15,15,27
1767620647322,27,200,true,15,15,27
1767620647322,28,200,true,15,15,27
1767620647347,33,200,true,15,15,33
1767620647347,33,200,true,15,15,33
1767620647347,33,200,true,15,15,33
1767620647347,33,200,true,15,15,33
1767620647348,33,200,true,15,15,33
1767620647348,33,200,true,15,15,33
1767620647348,33,200,true,15,15,33
1767620647348,33,200,true,15,15,33
1767620647348,33,200,true,15,15,33
1767620647349,33,200,true,15,15,33
1767620647349,33,200,true,15,15,33
1767620647349,33,200,true,15,15,33
1767620647349,33,200,true,15,15,33
1767620647349,34,200,true,15,15,34
1767620647350,33,200,true,15,15,33
1767620647380,27,200,true,15,15,27
1767620647380,27,200,true,15,15,27
1767620647380,27,200,true,15,15,27
1767620647381,27,200,true,15,15,27
1767620647381,27,200,true,15,15,27
1767620647381,27,200,true,15,15,27
1767620647381,27,200,true,15,15,27
1767620647381,27,200,true,15,15,27
1767620647381,28,200,true,15,15,28
1767620647382,27,200,true,15,15,27
1767620647382,27,200,true,15,15,27
1767620647382,27,200,true,15,15,27
1767620647382,28,200,true,15,15,28
1767620647383,27,200,true,15,15,27
1767620647383,27,200,true,15,15,27
1767620647407,27,200,true,15,15,27
1767620647407,28,200,true,15,15,28
1767620647407,28,200,true,15,15,28
1767620647408,27,200,true,15,15,27
1767620647408,27,200,true,15,15,27
1767620647408,28,200,true,15,15,28
1767620647408,28,200,true,15,15,28
1767620647409,27,200,true,15,15,27
1767620647409,27,200,true,15,15,27
1767620647409,27,200,true,15,15,27
1767620647409,31,200,true,15,15,31
1767620647410,30,200,true,15,15,30
1767620647410,31,200,true,15,15,31
1767620647410,31,200,true,15,15,31
1767620647410,31,200,true,15,15,31
1767620647435,28,200,true,15,15,28
1767620647435,28,200,true,15,15,28
1767620647435,28,200,true,15,15,28
1767620647435,29,200,true,15,15,29
1767620647435,29,200,true,15,15,29
1767620647436,28,200,true,15,15,28
1767620647436,28,200,true,15,15,28
1767620647436,29,200,true,15,15,29
1767620647436,29,200,true,15,15,29
1767620647436,29,200,true,15,15,29
1767620647440,46,200,true,15,15,46
1767620647441,45,200,true,15,15,45
1767620647441,45,200,true,15,15,45
1767620647441,46,200,true,15,15,46
1767620647441,46,200,true,15,15,46
1767620647463,35,200,true,15,15,35
1767620647463,35,200,true,15,15,35
1767620647463,36,200,true,15,15,36
1767620647464,35,200,true,15,15,35
1767620647464,35,200,true,15,15,35
1767620647464,36,200,true,15,15,36
1767620647465,35,200,true,15,15,35
1767620647465,35,200,true,15,15,35
1767620647465,36,200,true,15,15,36
1767620647465,36,200,true,15,15,36
1767620647486,20,200,true,15,15,20
1767620647486,20,200,true,15,15,20
1767620647486,20,200,true,15,15,20
1767620647487,19,200,true,15,15,19
1767620647487,20,200,true,15,15,20
1767620647498,28,200,true,15,15,28
1767620647499,27,200,true,15,15,27
1767620647499,28,200,true,15,15,28
1767620647499,28,200,true,15,15,28
1767620647500,27,200,true,15,15,27
1767620647500,27,200,true,15,15,27
1767620647500,27,200,true,15,15,27
1767620647500,28,200,true,15,15,28
1767620647501,27,200,true,15,15,27
1767620647501,27,200,true,15,15,27
1767620647506,22,200,true,15,15,22
1767620647506,23,200,true,15,15,23
1767620647506,23,200,true,15,15,23
1767620647506,23,200,true,15,15,23
1767620647507,22,200,true,15,15,22
1767620647526,31,200,true,15,15,31
1767620647526,31,200,true,15,15,31
1767620647527,30,200,true,15,15,30
1767620647527,30,200,true,15,15,30
1767620647527,31,200,true,15,15,31
1767620647527,31,200,true,15,15,31
1767620647527,31,200,true,15,15,31
1767620647528,30,200,true,15,15,30
1767620647528,30,200,true,15,15,30
1767620647528,31,200,true,15,15,31
1767620647528,31,200,true,15,15,31
1767620647529,30,200,true,15,15,30
1767620647529,30,200,true,15,15,30
1767620647529,30,200,true,15,15,30
1767620647529,31,200,true,15,15,31
1767620647557,28,200,true,15,15,28
1767620647557,28,200,true,15,15,28
1767620647557,28,200,true,15,15,28
1767620647557,28,200,true,15,15,28
1767620647558,27,200,true,15,15,27
1767620647558,28,200,true,15,15,28
1767620647558,28,200,true,15,15,28
1767620647558,28,200,true,15,15,28
1767620647558,28,200,true,15,15,28
1767620647559,27,200,true,15,15,27
1767620647559,28,200,true,15,15,28
1767620647559,28,200,true,15,15,28
1767620647559,28,200,true,15,15,28
1767620647559,28,200,true,15,15,28
1767620647560,27,200,true,15,15,27
1767620647585,33,200,true,15,15,33
1767620647585,33,200,true,15,15,33
1767620647585,33,200,true,15,15,33
1767620647585,33,200,true,15,15,33
1767620647585,34,200,true,15,15,34
1767620647586,33,200,true,15,15,33
1767620647586,33,200,true,15,15,33
1767620647586,33,200,true,15,15,33
1767620647586,33,200,true,15,15,33
1767620647586,34,200,true,15,15,34
1767620647587,33,200,true,15,15,33
1767620647587,33,200,true,15,15,33
1767620647587,33,200,true,15,15,33
1767620647587,33,200,true,15,15,33
1767620647587,34,200,true,15,15,34
1767620647618,28,200,true,15,15,28
1767620647618,28,200,true,15,15,28
1767620647618,28,200,true,15,15,28
1767620647618,28,200,true,15,15,28
1767620647619,27,200,true,15,15,27
1767620647619,28,200,true,15,15,28
1767620647619,28,200,true,15,15,28
1767620647619,28,200,true,15,15,28
1767620647620,27,200,true,15,15,27
1767620647620,27,200,true,15,15,27
1767620647620,28,200,true,15,15,28
1767620647620,28,200,true,15,15,28
1767620647620,28,200,true,15,15,28
1767620647621,27,200,true,15,15,27
1767620647621,27,200,true,15,15,27
1767620647646,27,200,true,15,15,27
1767620647646,27,200,true,15,15,27
1767620647646,27,200,true,15,15,27
1767620647646,27,200,true,15,15,27
1767620647646,27,200,true,15,15,27
1767620647647,27,200,true,15,15,27
1767620647647,27,200,true,15,15,27
1767620647647,27,200,true,15,15,27
1767620647647,27,200,true,15,15,27
1767620647647,27,200,true,15,15,27
1767620647648,27,200,true,15,15,27
1767620647648,27,200,true,15,15,27
1767620647648,27,200,true,15,15,27
1767620647648,27,200,true,15,15,27
1767620647649,27,200,true,15,15,27
1767620647673,27,200,true,15,15,27
1767620647673,27,200,true,15,15,27
1767620647673,27,200,true,15,15,27
1767620647673,27,200,true,15,15,27
1767620647674,26,200,true,15,15,26
1767620647674,27,200,true,15,15,27
1767620647674,27,200,true,15,15,27
1767620647674,27,200,true,15,15,27
1767620647674,27,200,true,15,15,27
1767620647675,26,200,true,15,15,26
1767620647675,27,200,true,15,15,27
1767620647675,27,200,true,15,15,27
1767620647675,27,200,true,15,15,27
1767620647675,27,200,true,15,15,27
1767620647676,26,200,true,15,15,26
1767620647700,34,200,true,15,15,34
1767620647700,34,200,true,15,15,34
1767620647700,34,200,true,15,15,34
1767620647700,34,200,true,15,15,34
1767620647700,34,200,true,15,15,34
1767620647701,34,200,true,15,15,34
1767620647701,34,200,true,15,15,34
1767620647701,34,200,true,15,15,34
1767620647701,34,200,true,15,15,34
1767620647701,35,200,true,15,15,35
1767620647702,34,200,true,15,15,34
1767620647702,34,200,true,15,15,34
1767620647702,34,200,true,15,15,34
1767620647702,34,200,true,15,15,34
1767620647702,35,200,true,15,15,35
1767620647734,27,200,true,15,15,27
1767620647734,27,200,true,15,15,27
1767620647734,28,200,true,15,15,28
1767620647734,28,200,true,15,15,28
1767620647735,27,200,true,15,15,27
1767620647735,27,200,true,15,15,27
1767620647735,27,200,true,15,15,27
1767620647735,28,200,true,15,15,28
1767620647735,28,200,true,15,15,28
1767620647736,27,200,true,15,15,27
1767620647736,27,200,true,15,15,27
1767620647736,27,200,true,15,15,27
1767620647736,28,200,true,15,15,28
1767620647736,28,200,true,15,15,28
1767620647737,27,200,true,15,15,27
1767620647761,35,200,true,15,15,35
1767620647761,35,200,true,15,15,35
1767620647762,34,200,true,15,15,34
1767620647762,34,200,true,15,15,34
1767620647762,34,200,true,15,15,34
1767620647762,35,200,true,15,15,35
1767620647762,35,200,true,15,15,35
1767620647763,34,200,true,15,15,34
1767620647763,34,200,true,15,15,34
1767620647763,34,200,true,15,15,34
1767620647763,35,200,true,15,15,35
1767620647764,34,200,true,15,15,34
1767620647764,34,200,true,15,15,34
1767620647764,34,200,true,15,15,34
1767620647764,34,200,true,15,15,34
1767620647796,27,200,true,15,15,27
1767620647796,28,200,true,15,15,28
1767620647796,28,200,true,15,15,28
1767620647796,28,200,true,15,15,28
1767620647796,28,200,true,15,15,28
1767620647797,27,200,true,15,15,27
1767620647797,28,200,true,15,15,28
1767620647797,28,200,true,15,15,28
1767620647797,28,200,true,15,15,28
1767620647797,28,200,true,15,15,28
1767620647798,27,200,true,15,15,27
1767620647798,28,200,true,15,15,28
1767620647798,28,200,true,15,15,28
1767620647798,28,200,true,15,15,28
1767620647799,27,200,true,15,15,27
1767620647824,27,200,true,15,15,26
1767620647824,27,200,true,15,15,27
1767620647824,27,200,true,15,15,27
1767620647824,27,200,true,15,15,27
1767620647824,27,200,true,15,15,27
1767620647824,27,200,true,15,15,27
1767620647825,27,200,true,15,15,27
1767620647825,27,200,true,15,15,27
1767620647825,27,200,true,15,15,27
1767620647825,27,200,true,15,15,27
1767620647825,27,200,true,15,15,27
1767620647826,27,200,true,15,15,27
1767620647826,27,200,true,15,15,27
1767620647826,27,200,true,15,15,27
1767620647826,27,200,true,15,15,27
1767620647851,33,200,true,15,15,33
1767620647851,33,200,true,15,15,33
1767620647851,33,200,true,15,15,33
1767620647851,33,200,true,15,15,33
1767620647851,34,200,true,15,15,34
1767620647852,33,200,true,15,15,33
1767620647852,33,200,true,15,15,33
1767620647852,33,200,true,15,15,33
1767620647852,33,200,true,15,15,33
1767620647852,34,200,true,15,15,34
1767620647853,33,200,true,15,15,33
1767620647853,33,200,true,15,15,33
1767620647853,33,200,true,15,15,33
1767620647853,33,200,true,15,15,33
1767620647853,34,200,true,15,15,34
1767620647884,28,200,true,15,15,28
1767620647884,28,200,true,15,15,28
1767620647884,28,200,true,15,15,28
1767620647884,28,200,true,15,15,28
1767620647885,27,200,true,15,15,27
1767620647885,28,200,true,15,15,28
1767620647885,28,200,true,15,15,28
1767620647885,28,200,true,15,15,28
1767620647885,28,200,true,15,15,28
1767620647886,27,200,true,15,15,27
1767620647886,28,200,true,15,15,28
1767620647886,28,200,true,15,15,28
1767620647886,28,200,true,15,15,28
1767620647886,28,200,true,15,15,28
1767620647887,27,200,true,15,15,27
1767620647912,27,200,true,15,15,27
1767620647912,27,200,true,15,15,27
1767620647912,28,200,true,15,15,28
1767620647912,28,200,true,15,15,28
1767620647913,27,200,true,15,15,27
1767620647913,27,200,true,15,15,27
1767620647913,27,200,true,15,15,27
1767620647913,28,200,true,15,15,28
1767620647913,28,200,true,15,15,28
1767620647914,27,200,true,15,15,27
1767620647914,27,200,true,15,15,27
1767620647914,28,200,true,15,15,28
1767620647914,28,200,true,15,15,28
1767620647914,28,200,true,15,15,28
1767620647915,27,200,true,15,15,27
1767620647940,32,200,true,15,15,32
1767620647940,32,200,true,15,15,32
1767620647940,32,200,true,15,15,32
1767620647940,32,200,true,15,15,32
1767620647940,32,200,true,15,15,32
1767620647940,33,200,true,15,15,33
1767620647940,33,200,true,15,15,33
1767620647941,32,200,true,15,15,32
1767620647941,32,200,true,15,15,32
1767620647941,33,200,true,15,15,32
1767620647941,33,200,true,15,15,33
1767620647942,32,200,true,15,15,32
1767620647942,32,200,true,15,15,32
1767620647942,33,200,true,15,15,33
1767620647942,33,200,true,15,15,33
1767620647972,27,200,true,15,15,27
1767620647972,27,200,true,15,15,27
1767620647972,28,200,true,15,15,28
1767620647972,28,200,true,15,15,28
1767620647973,27,200,true,15,15,27
1767620647973,27,200,true,15,15,27
1767620647973,28,200,true,15,15,27
1767620647973,28,200,true,15,15,28
1767620647973,28,200,true,15,15,28
1767620647974,27,200,true,15,15,27
1767620647974,27,200,true,15,15,27
1767620647974,28,200,true,15,15,28
1767620647974,28,200,true,15,15,28
1767620647975,27,200,true,15,15,27
1767620647975,27,200,true,15,15,27
1767620647999,28,200,true,15,15,28
1767620647999,29,200,true,15,15,29
1767620648000,28,200,true,15,15,28
1767620648000,28,200,true,15,15,28
1767620648000,28,200,true,15,15,28
1767620648000,28,200,true,15,15,28
1767620648001,28,200,true,15,15,28
1767620648001,28,200,true,15,15,28
1767620648001,28,200,true,15,15,28
1767620648001,28,200,true,15,15,28
1767620648001,28,200,true,15,15,28
1767620648002,28,200,true,15,15,28
1767620648002,28,200,true,15,15,28
1767620648002,28,200,true,15,15,28
1767620648002,28,200,true,15,15,28
1767620648028,37,200,true,15,15,37
1767620648028,37,200,true,15,15,37
1767620648028,37,200,true,15,15,37
1767620648028,38,200,true,15,15,38
1767620648028,38,200,true,15,15,38
1767620648028,38,200,true,15,15,38
1767620648029,37,200,true,15,15,37
1767620648029,38,200,true,15,15,38
1767620648029,38,200,true,15,15,38
1767620648029,43,200,true,15,15,43
1767620648029,43,200,true,15,15,43
1767620648030,42,200,true,15,15,42
1767620648030,43,200,true,15,15,43
1767620648030,43,200,true,15,15,43
1767620648030,43,200,true,15,15,43
1767620648065,35,200,true,15,15,35
1767620648065,35,200,true,15,15,35
1767620648065,35,200,true,15,15,35
1767620648066,34,200,true,15,15,34
1767620648066,35,200,true,15,15,35
1767620648066,35,200,true,15,15,35
1767620648066,35,200,true,15,15,35
1767620648067,34,200,true,15,15,34
1767620648067,34,200,true,15,15,34
1767620648072,30,200,true,15,15,30
1767620648072,30,200,true,15,15,30
1767620648073,29,200,true,15,15,29
1767620648073,29,200,true,15,15,29
1767620648073,29,200,true,15,15,29
1767620648073,30,200,true,15,15,30
1767620648100,28,200,true,15,15,28
1767620648100,28,200,true,15,15,28
1767620648100,28,200,true,15,15,28
1767620648100,28,200,true,15,15,28
1767620648101,27,200,true,15,15,27
1767620648101,28,200,true,15,15,28
1767620648101,28,200,true,15,15,28
1767620648101,28,200,true,15,15,28
1767620648102,27,200,true,15,15,27
1767620648102,27,200,true,15,15,27
1767620648102,28,200,true,15,15,28
1767620648102,28,200,true,15,15,28
1767620648102,28,200,true,15,15,28
1767620648102,28,200,true,15,15,28
1767620648103,27,200,true,15,15,27
1767620648128,30,200,true,15,15,30
1767620648128,30,200,true,15,15,30
1767620648128,31,200,true,15,15,31
1767620648128,31,200,true,15,15,31
1767620648129,30,200,true,15,15,30
1767620648129,30,200,true,15,15,30
1767620648129,30,200,true,15,15,30
1767620648129,31,200,true,15,15,31
1767620648129,31,200,true,15,15,31
1767620648129,31,200,true,15,15,31
1767620648130,30,200,true,15,15,30
1767620648130,30,200,true,15,15,30
1767620648130,31,200,true,15,15,31
1767620648130,31,200,true,15,15,31
1767620648131,30,200,true,15,15,30
1767620648158,28,200,true,15,15,28
1767620648159,27,200,true,15,15,27
1767620648159,27,200,true,15,15,27
1767620648159,27,200,true,15,15,27
1767620648159,28,200,true,15,15,28
1767620648159,28,200,true,15,15,28
1767620648160,27,200,true,15,15,27
1767620648160,27,200,true,15,15,27
1767620648160,27,200,true,15,15,27
1767620648160,28,200,true,15,15,28
1767620648160,28,200,true,15,15,28
1767620648161,27,200,true,15,15,27
1767620648161,27,200,true,15,15,27
1767620648161,27,200,true,15,15,27
1767620648161,28,200,true,15,15,28
1767620648186,28,200,true,15,15,28
1767620648186,28,200,true,15,15,28
1767620648186,28,200,true,15,15,28
1767620648186,28,200,true,15,15,28
1767620648187,28,200,true,15,15,28
1767620648187,28,200,true,15,15,28
1767620648187,28,200,true,15,15,28
1767620648187,28,200,true,15,15,28
1767620648187,28,200,true,15,15,28
1767620648188,28,200,true,15,15,28
1767620648188,28,200,true,15,15,28
1767620648188,28,200,true,15,15,28
1767620648188,28,200,true,15,15,28
1767620648188,28,200,true,15,15,28
1767620648189,28,200,true,15,15,28
1767620648214,46,200,true,15,15,46
1767620648214,46,200,true,15,15,46
1767620648214,46,200,true,15,15,46
1767620648214,47,200,true,15,15,47
1767620648215,46,200,true,15,15,46
1767620648215,46,200,true,15,15,46
1767620648215,46,200,true,15,15,46
1767620648215,46,200,true,15,15,46
1767620648216,46,200,true,15,15,46
1767620648216,46,200,true,15,15,46
1767620648216,46,200,true,15,15,46
1767620648216,46,200,true,15,15,46
1767620648216,46,200,true,15,15,46
1767620648217,46,200,true,15,15,46
1767620648217,46,200,true,15,15,46
1767620648260,28,200,true,15,15,28
1767620648260,28,200,true,15,15,28
1767620648260,28,200,true,15,15,28
1767620648261,27,200,true,15,15,27
1767620648261,28,200,true,15,15,28
1767620648261,28,200,true,15,15,28
1767620648261,28,200,true,15,15,28
1767620648261,28,200,true,15,15,28
1767620648262,28,200,true,15,15,28
1767620648262,28,200,true,15,15,28
1767620648262,28,200,true,15,15,28
1767620648262,28,200,true,15,15,28
1767620648263,27,200,true,15,15,27
1767620648263,28,200,true,15,15,28
1767620648263,28,200,true,15,15,28
1767620648288,27,200,true,15,15,27
1767620648288,28,200,true,15,15,28
1767620648288,28,200,true,15,15,28
1767620648289,27,200,true,15,15,27
1767620648289,27,200,true,15,15,27
1767620648289,27,200,true,15,15,27
1767620648289,28,200,true,15,15,28
1767620648289,28,200,true,15,15,28
1767620648290,27,200,true,15,15,27
1767620648290,27,200,true,15,15,27
1767620648290,27,200,true,15,15,27
1767620648290,28,200,true,15,15,28
1767620648290,28,200,true,15,15,28
1767620648291,27,200,true,15,15,27
1767620648291,27,200,true,15,15,27
1767620648316,32,200,true,15,15,32
1767620648316,32,200,true,15,15,32
1767620648316,32,200,true,15,15,32
1767620648316,32,200,true,15,15,32
1767620648316,33,200,true,15,15,33
1767620648316,33,200,true,15,15,33
1767620648317,32,200,true,15,15,32
1767620648317,32,200,true,15,15,32
1767620648317,32,200,true,15,15,32
1767620648317,33,200,true,15,15,33
1767620648317,33,200,true,15,15,33
1767620648318,32,200,true,15,15,32
1767620648318,32,200,true,15,15,32
1767620648318,32,200,true,15,15,32
1767620648318,33,200,true,15,15,33
1767620648348,27,200,true,15,15,27
1767620648348,28,200,true,15,15,28
1767620648348,28,200,true,15,15,28
1767620648348,28,200,true,15,15,28
1767620648349,27,200,true,15,15,27
1767620648349,27,200,true,15,15,27
1767620648349,28,200,true,15,15,28
1767620648349,28,200,true,15,15,28
1767620648349,28,200,true,15,15,28
1767620648350,27,200,true,15,15,27
1767620648350,27,200,true,15,15,27
1767620648350,28,200,true,15,15,28
1767620648350,28,200,true,15,15,28
1767620648350,28,200,true,15,15,28
1767620648351,27,200,true,15,15,27
1767620648376,29,200,true,15,15,29
1767620648376,29,200,true,15,15,29
1767620648376,29,200,true,15,15,29
1767620648376,30,200,true,15,15,30
1767620648376,30,200,true,15,15,30
1767620648377,29,200,true,15,15,29
1767620648377,29,200,true,15,15,29
1767620648377,30,200,true,15,15,30
1767620648377,30,200,true,15,15,30
1767620648377,30,200,true,15,15,30
1767620648377,31,200,true,15,15,31
1767620648378,30,200,true,15,15,30
1767620648378,30,200,true,15,15,30
1767620648378,30,200,true,15,15,30
1767620648378,31,200,true,15,15,31
1767620648405,30,200,true,15,15,30
1767620648405,30,200,true,15,15,30
1767620648405,30,200,true,15,15,30
1767620648406,30,200,true,15,15,30
1767620648406,30,200,true,15,15,30
1767620648406,30,200,true,15,15,30
1767620648406,30,200,true,15,15,30
1767620648407,29,200,true,15,15,29
1767620648407,30,200,true,15,15,30
1767620648407,30,200,true,15,15,30
1767620648408,29,200,true,15,15,29
1767620648408,29,200,true,15,15,29
1767620648408,29,200,true,15,15,29
1767620648408,30,200,true,15,15,30
1767620648409,29,200,true,15,15,29
1767620648435,27,200,true,15,15,27
1767620648435,28,200,true,15,15,28
1767620648436,27,200,true,15,15,27
1767620648436,27,200,true,15,15,27
1767620648436,27,200,true,15,15,27
1767620648436,27,200,true,15,15,27
1767620648436,28,200,true,15,15,28
1767620648437,27,200,true,15,15,27
1767620648437,27,200,true,15,15,27
1767620648437,27,200,true,15,15,27
1767620648437,27,200,true,15,15,27
1767620648437,28,200,true,15,15,28
1767620648438,27,200,true,15,15,27
1767620648438,27,200,true,15,15,27
1767620648438,27,200,true,15,15,27
1767620648463,32,200,true,15,15,32
1767620648463,33,200,true,15,15,32
1767620648463,33,200,true,15,15,33
1767620648463,33,200,true,15,15,33
1767620648463,33,200,true,15,15,33
1767620648463,33,200,true,15,15,33
1767620648464,32,200,true,15,15,32
1767620648464,33,200,true,15,15,33
1767620648464,33,200,true,15,15,33
1767620648464,33,200,true,15,15,33
1767620648464,33,200,true,15,15,33
1767620648465,33,200,true,15,15,33
1767620648465,33,200,true,15,15,33
1767620648465,33,200,true,15,15,33
1767620648465,33,200,true,15,15,33
1767620648496,31,200,true,15,15,31
1767620648496,31,200,true,15,15,31
1767620648496,31,200,true,15,15,31
1767620648496,32,200,true,15,15,32
1767620648496,32,200,true,15,15,32
1767620648496,32,200,true,15,15,32
1767620648497,31,200,true,15,15,31
1767620648497,31,200,true,15,15,31
1767620648497,32,200,true,15,15,32
1767620648497,32,200,true,15,15,32
1767620648497,32,200,true,15,15,32
1767620648498,31,200,true,15,15,31
1767620648498,31,200,true,15,15,31
1767620648498,32,200,true,15,15,32
1767620648498,32,200,true,15,15,32
1767620648527,28,200,true,15,15,28
1767620648527,29,200,true,15,15,29
1767620648528,28,200,true,15,15,28
1767620648528,28,200,true,15,15,28
1767620648528,28,200,true,15,15,28
1767620648528,28,200,true,15,15,28
1767620648528,29,200,true,15,15,29
1767620648529,28,200,true,15,15,28
1767620648529,28,200,true,15,15,28
1767620648529,28,200,true,15,15,28
1767620648529,28,200,true,15,15,28
1767620648529,29,200,true,15,15,29
1767620648530,28,200,true,15,15,28
1767620648530,28,200,true,15,15,28
1767620648530,28,200,true,15,15,28
1767620648556,27,200,true,15,15,27
1767620648556,27,200,true,15,15,27
1767620648556,28,200,true,15,15,28
1767620648556,28,200,true,15,15,28
1767620648556,28,200,true,15,15,28
1767620648556,28,200,true,15,15,28
1767620648557,27,200,true,15,15,27
1767620648557,28,200,true,15,15,28
1767620648557,28,200,true,15,15,28
1767620648557,28,200,true,15,15,28
1767620648557,28,200,true,15,15,28
1767620648558,27,200,true,15,15,27
1767620648558,28,200,true,15,15,28
1767620648558,28,200,true,15,15,28
1767620648558,28,200,true,15,15,28
1767620648583,28,200,true,15,15,28
1767620648583,29,200,true,15,15,29
1767620648584,28,200,true,15,15,28
1767620648584,28,200,true,15,15,28
1767620648584,28,200,true,15,15,28
1767620648584,28,200,true,15,15,28
1767620648585,28,200,true,15,15,28
1767620648585,28,200,true,15,15,28
1767620648585,28,200,true,15,15,28
1767620648585,28,200,true,15,15,28
1767620648585,29,200,true,15,15,29
1767620648585,29,200,true,15,15,29
1767620648586,28,200,true,15,15,28
1767620648586,28,200,true,15,15,28
1767620648586,28,200,true,15,15,28
1767620648612,33,200,true,15,15,33
1767620648612,34,200,true,15,15,34
1767620648612,34,200,true,15,15,34
1767620648612,34,200,true,15,15,34
1767620648612,34,200,true,15,15,34
1767620648612,34,200,true,15,15,34
1767620648613,33,200,true,15,15,33
1767620648613,34,200,true,15,15,34
1767620648613,34,200,true,15,15,34
1767620648613,34,200,true,15,15,34
1767620648614,33,200,true,15,15,33
1767620648614,34,200,true,15,15,34
1767620648614,34,200,true,15,15,34
1767620648614,34,200,true,15,15,34
1767620648614,34,200,true,15,15,34
1767620648646,27,200,true,15,15,27
1767620648646,27,200,true,15,15,27
1767620648646,28,200,true,15,15,28
1767620648646,28,200,true,15,15,28
1767620648646,28,200,true,15,15,28
1767620648646,28,200,true,15,15,28
1767620648647,27,200,true,15,15,27
1767620648647,28,200,true,15,15,28
1767620648647,28,200,true,15,15,28
1767620648647,28,200,true,15,15,28
1767620648647,28,200,true,15,15,28
1767620648648,27,200,true,15,15,27
1767620648648,28,200,true,15,15,28
1767620648648,28,200,true,15,15,28
1767620648648,28,200,true,15,15,28
1767620648673,31,200,true,15,15,31
1767620648673,31,200,true,15,15,31
1767620648674,31,200,true,15,15,31
1767620648674,31,200,true,15,15,31
1767620648674,31,200,true,15,15,31
1767620648674,31,200,true,15,15,31
1767620648675,30,200,true,15,15,30
1767620648675,31,200,true,15,15,31
1767620648675,31,200,true,15,15,31
1767620648675,31,200,true,15,15,31
1767620648675,31,200,true,15,15,31
1767620648675,31,200,true,15,15,31
1767620648676,31,200,true,15,15,31
1767620648676,31,200,true,15,15,31
1767620648676,31,200,true,15,15,31
1767620648704,40,200,true,15,15,40
1767620648704,41,200,true,15,15,41
1767620648705,40,200,true,15,15,40
1767620648705,40,200,true,15,15,40
1767620648705,40,200,true,15,15,40
1767620648705,41,200,true,15,15,41
1767620648705,41,200,true,15,15,41
1767620648706,40,200,true,15,15,40
1767620648706,41,200,true,15,15,41
1767620648706,41,200,true,15,15,41
1767620648706,41,200,true,15,15,41
1767620648707,40,200,true,15,15,40
1767620648707,41,200,true,15,15,41
1767620648707,41,200,true,15,15,41
1767620648707,41,200,true,15,15,41
1767620648745,29,200,true,15,15,29
1767620648745,29,200,true,15,15,29
1767620648745,29,200,true,15,15,29
1767620648745,30,200,true,15,15,30
1767620648745,30,200,true,15,15,30
1767620648746,29,200,true,15,15,29
1767620648746,29,200,true,15,15,29
1767620648746,29,200,true,15,15,29
1767620648747,29,200,true,15,15,29
1767620648747,29,200,true,15,15,29
1767620648747,29,200,true,15,15,29
1767620648747,29,200,true,15,15,29
1767620648748,28,200,true,15,15,28
1767620648748,29,200,true,15,15,29
1767620648748,29,200,true,15,15,29
1767620648774,29,200,true,15,15,29
1767620648774,29,200,true,15,15,29
1767620648774,29,200,true,15,15,29
1767620648775,28,200,true,15,15,28
1767620648775,29,200,true,15,15,29
1767620648775,29,200,true,15,15,29
1767620648775,29,200,true,15,15,29
1767620648775,29,200,true,15,15,29
1767620648776,28,200,true,15,15,28
1767620648776,29,200,true,15,15,29
1767620648776,29,200,true,15,15,29
1767620648776,29,200,true,15,15,29
1767620648777,28,200,true,15,15,28
1767620648777,28,200,true,15,15,28
1767620648777,29,200,true,15,15,29
1767620648803,33,200,true,15,15,33
1767620648803,33,200,true,15,15,33
1767620648803,34,200,true,15,15,34
1767620648803,34,200,true,15,15,34
1767620648804,33,200,true,15,15,33
1767620648804,33,200,true,15,15,33
1767620648804,33,200,true,15,15,33
1767620648804,34,200,true,15,15,34
1767620648804,34,200,true,15,15,34
1767620648805,33,200,true,15,15,33
1767620648805,33,200,true,15,15,33
1767620648805,33,200,true,15,15,33
1767620648805,34,200,true,15,15,34
1767620648805,34,200,true,15,15,34
1767620648806,33,200,true,15,15,33
1767620648836,29,200,true,15,15,29
1767620648836,29,200,true,15,15,29
1767620648837,28,200,true,15,15,28
1767620648837,28,200,true,15,15,28
1767620648837,28,200,true,15,15,28
1767620648837,28,200,true,15,15,28
1767620648837,29,200,true,15,15,29
1767620648838,28,200,true,15,15,28
1767620648838,28,200,true,15,15,28
1767620648838,28,200,true,15,15,28
1767620648838,28,200,true,15,15,28
1767620648838,29,200,true,15,15,29
1767620648839,28,200,true,15,15,28
1767620648839,28,200,true,15,15,28
1767620648839,29,200,true,15,15,29
1767620648865,31,200,true,15,15,31
1767620648865,31,200,true,15,15,31
1767620648865,32,200,true,15,15,32
1767620648865,32,200,true,15,15,32
1767620648865,32,200,true,15,15,32
1767620648866,31,200,true,15,15,31
1767620648866,31,200,true,15,15,31
1767620648866,32,200,true,15,15,32
1767620648866,32,200,true,15,15,32
1767620648866,32,200,true,15,15,32
1767620648867,31,200,true,15,15,31
1767620648867,31,200,true,15,15,31
1767620648867,32,200,true,15,15,32
1767620648867,32,200,true,15,15,32
1767620648868,31,200,true,15,15,31
1767620648896,28,200,true,15,15,28
1767620648896,28,200,true,15,15,28
1767620648897,27,200,true,15,15,27
1767620648897,28,200,true,15,15,28
1767620648897,29,200,true,15,15,29
1767620648897,29,200,true,15,15,29
1767620648897,29,200,true,15,15,29
1767620648898,28,200,true,15,15,28
1767620648898,29,200,true,15,15,29
1767620648898,29,200,true,15,15,29
1767620648898,29,200,true,15,15,29
1767620648898,29,200,true,15,15,29
1767620648899,28,200,true,15,15,28
1767620648899,29,200,true,15,15,29
1767620648899,29,200,true,15,15,29
1767620648924,29,200,true,15,15,29
1767620648924,29,200,true,15,15,29
1767620648924,29,200,true,15,15,29
1767620648925,28,200,true,15,15,28
1767620648926,28,200,true,15,15,28
1767620648926,28,200,true,15,15,28
1767620648926,28,200,true,15,15,28
1767620648926,28,200,true,15,15,28
1767620648927,27,200,true,15,15,27
1767620648927,28,200,true,15,15,28
1767620648927,28,200,true,15,15,28
1767620648927,28,200,true,15,15,28
1767620648927,28,200,true,15,15,28
1767620648928,27,200,true,15,15,27
1767620648928,28,200,true,15,15,28
1767620648953,28,200,true,15,15,28
1767620648953,28,200,true,15,15,28
1767620648953,28,200,true,15,15,28
1767620648953,28,200,true,15,15,28
1767620648954,28,200,true,15,15,28
1767620648954,28,200,true,15,15,28
1767620648954,28,200,true,15,15,28
1767620648954,28,200,true,15,15,28
1767620648955,27,200,true,15,15,27
1767620648955,28,200,true,15,15,28
1767620648955,28,200,true,15,15,28
1767620648955,28,200,true,15,15,28
1767620648955,28,200,true,15,15,28
1767620648955,28,200,true,15,15,28
1767620648956,28,200,true,15,15,28
1767620648981,31,200,true,15,15,31
1767620648981,32,200,true,15,15,32
1767620648981,32,200,true,15,15,32
1767620648981,32,200,true,15,15,32
1767620648982,31,200,true,15,15,31
1767620648982,31,200,true,15,15,31
1767620648982,32,200,true,15,15,32
1767620648982,32,200,true,15,15,32
1767620648982,32,200,true,15,15,32
1767620648983,31,200,true,15,15,31
1767620648983,31,200,true,15,15,31
1767620648983,32,200,true,15,15,32
1767620648983,32,200,true,15,15,32
1767620648983,32,200,true,15,15,32
1767620648984,31,200,true,15,15,31
1767620649013,42,200,true,15,15,42
1767620649013,42,200,true,15,15,42
1767620649013,43,200,true,15,15,43
1767620649013,43,200,true,15,15,43
1767620649013,43,200,true,15,15,43
1767620649013,43,200,true,15,15,43
1767620649014,43,200,true,15,15,43
1767620649014,43,200,true,15,15,43
1767620649014,43,200,true,15,15,43
1767620649014,43,200,true,15,15,43
1767620649014,44,200,true,15,15,44
1767620649015,43,200,true,15,15,43
1767620649015,43,200,true,15,15,43
1767620649015,43,200,true,15,15,43
1767620649015,43,200,true,15,15,43
1767620649055,29,200,true,15,15,29
1767620649055,29,200,true,15,15,29
1767620649056,29,200,true,15,15,29
1767620649056,29,200,true,15,15,29
1767620649056,29,200,true,15,15,29
1767620649057,28,200,true,15,15,28
1767620649057,29,200,true,15,15,29
1767620649057,29,200,true,15,15,29
1767620649057,29,200,true,15,15,29
1767620649057,29,200,true,15,15,29
1767620649058,28,200,true,15,15,28
1767620649058,29,200,true,15,15,28
1767620649058,29,200,true,15,15,29
1767620649058,29,200,true,15,15,29
1767620649058,29,200,true,15,15,29
1767620649084,31,200,true,15,15,31
1767620649085,30,200,true,15,15,30
1767620649085,31,200,true,15,15,31
1767620649085,31,200,true,15,15,31
1767620649085,31,200,true,15,15,31
1767620649085,31,200,true,15,15,31
1767620649086,31,200,true,15,15,31
1767620649086,31,200,true,15,15,31
1767620649086,31,200,true,15,15,31
1767620649086,31,200,true,15,15,31
1767620649086,32,200,true,15,15,32
1767620649087,31,200,true,15,15,31
1767620649087,31,200,true,15,15,31
1767620649087,31,200,true,15,15,31
1767620649087,32,200,true,15,15,32
1767620649115,31,200,true,15,15,31
1767620649116,30,200,true,15,15,30
1767620649116,30,200,true,15,15,30
1767620649116,31,200,true,15,15,31
1767620649116,31,200,true,15,15,31
1767620649117,30,200,true,15,15,30
1767620649117,30,200,true,15,15,30
1767620649117,31,200,true,15,15,31
1767620649117,31,200,true,15,15,31
1767620649118,30,200,true,15,15,30
1767620649118,30,200,true,15,15,30
1767620649118,31,200,true,15,15,31
1767620649118,31,200,true,15,15,31
1767620649118,31,200,true,15,15,31
1767620649119,31,200,true,15,15,31
1767620649146,30,200,true,15,15,30
1767620649146,30,200,true,15,15,30
1767620649146,30,200,true,15,15,30
1767620649147,29,200,true,15,15,29
1767620649147,30,200,true,15,15,30
1767620649147,30,200,true,15,15,30
1767620649148,29,200,true,15,15,29
1767620649148,29,200,true,15,15,29
1767620649148,29,200,true,15,15,29
1767620649148,30,200,true,15,15,30
1767620649149,29,200,true,15,15,29
1767620649149,29,200,true,15,15,29
1767620649149,29,200,true,15,15,29
1767620649149,29,200,true,15,15,29
1767620649150,29,200,true,15,15,29
1767620649176,31,200,true,15,15,31
1767620649176,31,200,true,15,15,31
1767620649176,32,200,true,15,15,32
1767620649177,31,200,true,15,15,31
1767620649177,31,200,true,15,15,31
1767620649177,31,200,true,15,15,31
1767620649177,31,200,true,15,15,31
1767620649177,32,200,true,15,15,32
1767620649178,31,200,true,15,15,31
1767620649178,31,200,true,15,15,31
1767620649178,31,200,true,15,15,31
1767620649178,32,200,true,15,15,31
1767620649178,32,200,true,15,15,32
1767620649179,31,200,true,15,15,31
1767620649179,31,200,true,15,15,31
1767620649207,32,200,true,15,15,32
1767620649207,33,200,true,15,15,33
1767620649208,32,200,true,15,15,32
1767620649208,32,200,true,15,15,32
1767620649208,32,200,true,15,15,32
1767620649208,33,200,true,15,15,33
1767620649209,32,200,true,15,15,32
1767620649209,32,200,true,15,15,32
1767620649209,32,200,true,15,15,32
1767620649209,33,200,true,15,15,33
1767620649209,33,200,true,15,15,33
1767620649210,32,200,true,15,15,32
1767620649210,32,200,true,15,15,32
1767620649210,33,200,true,15,15,33
1767620649210,33,200,true,15,15,33
1767620649239,30,200,true,15,15,30
1767620649240,29,200,true,15,15,29
1767620649240,29,200,true,15,15,29
1767620649240,29,200,true,15,15,29
1767620649240,29,200,true,15,15,29
1767620649241,28,200,true,15,15,28
1767620649241,29,200,true,15,15,29
1767620649241,29,200,true,15,15,29
1767620649241,29,200,true,15,15,29
1767620649242,28,200,true,15,15,28
1767620649242,29,200,true,15,15,29
1767620649242,29,200,true,15,15,29
1767620649243,28,200,true,15,15,28
1767620649243,28,200,true,15,15,28
1767620649243,28,200,true,15,15,28
1767620649269,34,200,true,15,15,34
1767620649269,34,200,true,15,15,34
1767620649269,34,200,true,15,15,34
1767620649269,35,200,true,15,15,34
1767620649269,35,200,true,15,15,35
1767620649270,34,200,true,15,15,34
1767620649270,34,200,true,15,15,34
1767620649270,34,200,true,15,15,34
1767620649270,35,200,true,15,15,35
1767620649270,35,200,true,15,15,35
1767620649271,34,200,true,15,15,34
1767620649271,34,200,true,15,15,34
1767620649271,34,200,true,15,15,34
1767620649271,35,200,true,15,15,35
1767620649271,35,200,true,15,15,35
1767620649303,33,200,true,15,15,33
1767620649303,33,200,true,15,15,33
1767620649303,34,200,true,15,15,34
1767620649304,33,200,true,15,15,33
1767620649304,33,200,true,15,15,33
1767620649304,33,200,true,15,15,33
1767620649304,33,200,true,15,15,33
1767620649304,34,200,true,15,15,34
1767620649305,33,200,true,15,15,33
1767620649305,33,200,true,15,15,33
1767620649305,33,200,true,15,15,33
1767620649305,33,200,true,15,15,33
1767620649305,34,200,true,15,15,34
1767620649306,33,200,true,15,15,33
1767620649306,33,200,true,15,15,33
1767620649336,28,200,true,15,15,28
1767620649336,28,200,true,15,15,28
1767620649337,27,200,true,15,15,27
1767620649337,27,200,true,15,15,27
1767620649337,28,200,true,15,15,28
1767620649337,28,200,true,15,15,28
1767620649337,28,200,true,15,15,28
1767620649338,27,200,true,15,15,27
1767620649338,27,200,true,15,15,27
1767620649338,28,200,true,15,15,28
1767620649338,28,200,true,15,15,28
1767620649338,28,200,true,15,15,28
1767620649339,27,200,true,15,15,27
1767620649339,27,200,true,15,15,27
1767620649339,28,200,true,15,15,28
1767620649364,35,200,true,15,15,35
1767620649364,35,200,true,15,15,35
1767620649364,36,200,true,15,15,36
1767620649364,36,200,true,15,15,36
1767620649365,35,200,true,15,15,35
1767620649365,35,200,true,15,15,35
1767620649365,35,200,true,15,15,35
1767620649365,36,200,true,15,15,36
1767620649366,35,200,true,15,15,35
1767620649366,35,200,true,15,15,35
1767620649366,35,200,true,15,15,35
1767620649366,35,200,true,15,15,35
1767620649366,36,200,true,15,15,36
1767620649367,35,200,true,15,15,35
1767620649367,35,200,true,15,15,35
1767620649399,28,200,true,15,15,28
1767620649399,29,200,true,15,15,29
1767620649400,28,200,true,15,15,28
1767620649400,28,200,true,15,15,28
1767620649400,28,200,true,15,15,28
1767620649400,29,200,true,15,15,29
1767620649400,29,200,true,15,15,29
1767620649401,28,200,true,15,15,28
1767620649401,28,200,true,15,15,28
1767620649401,28,200,true,15,15,28
1767620649401,28,200,true,15,15,28
1767620649401,29,200,true,15,15,29
1767620649402,28,200,true,15,15,28
1767620649402,28,200,true,15,15,28
1767620649402,28,200,true,15,15,28
1767620649428,27,200,true,15,15,27
1767620649428,27,200,true,15,15,27
1767620649428,27,200,true,15,15,27
1767620649428,28,200,true,15,15,28
1767620649428,28,200,true,15,15,28
1767620649429,27,200,true,15,15,27
1767620649429,27,200,true,15,15,27
1767620649429,27,200,true,15,15,27
1767620649429,28,200,true,15,15,28
1767620649429,28,200,true,15,15,28
1767620649429,28,200,true,15,15,28
1767620649430,27,200,true,15,15,27
1767620649430,28,200,true,15,15,28
1767620649430,28,200,true,15,15,28
1767620649430,28,200,true,15,15,28
1767620649455,36,200,true,15,15,36
1767620649455,37,200,true,15,15,36
1767620649456,36,200,true,15,15,36
1767620649456,36,200,true,15,15,36
1767620649456,36,200,true,15,15,36
1767620649456,37,200,true,15,15,37
1767620649456,37,200,true,15,15,37
1767620649457,36,200,true,15,15,36
1767620649457,36,200,true,15,15,36
1767620649457,37,200,true,15,15,37
1767620649457,37,200,true,15,15,37
1767620649457,37,200,true,15,15,37
1767620649458,36,200,true,15,15,36
1767620649458,36,200,true,15,15,36
1767620649458,41,200,true,15,15,41
1767620649491,30,200,true,15,15,30
1767620649492,30,200,true,15,15,30
1767620649492,30,200,true,15,15,30
1767620649492,30,200,true,15,15,30
1767620649492,30,200,true,15,15,30
1767620649493,29,200,true,15,15,29
1767620649493,30,200,true,15,15,30
1767620649493,30,200,true,15,15,30
1767620649493,30,200,true,15,15,30
1767620649494,29,200,true,15,15,29
1767620649494,29,200,true,15,15,29
1767620649494,30,200,true,15,15,30
1767620649494,30,200,true,15,15,30
1767620649495,29,200,true,15,15,29
1767620649499,25,200,true,15,15,25
1767620649522,33,200,true,15,15,33
1767620649522,33,200,true,15,15,33
1767620649522,33,200,true,15,15,33
1767620649522,34,200,true,15,15,34
1767620649522,34,200,true,15,15,34
1767620649522,34,200,true,15,15,34
1767620649523,33,200,true,15,15,33
1767620649523,33,200,true,15,15,33
1767620649523,34,200,true,15,15,34
1767620649523,34,200,true,15,15,34
1767620649523,34,200,true,15,15,34
1767620649524,33,200,true,15,15,33
1767620649524,33,200,true,15,15,33
1767620649524,34,200,true,15,15,34
1767620649524,34,200,true,15,15,34
1767620649555,35,200,true,15,15,35
1767620649555,35,200,true,15,15,35
1767620649555,35,200,true,15,15,35
1767620649556,34,200,true,15,15,34
1767620649556,35,200,true,15,15,35
1767620649556,35,200,true,15,15,35
1767620649556,35,200,true,15,15,35
1767620649556,35,200,true,15,15,35
1767620649557,34,200,true,15,15,34
1767620649557,35,200,true,15,15,35
1767620649557,35,200,true,15,15,35
1767620649557,35,200,true,15,15,35
1767620649558,34,200,true,15,15,34
1767620649558,34,200,true,15,15,34
1767620649558,37,200,true,15,15,37
1767620649590,28,200,true,15,15,28
1767620649590,28,200,true,15,15,28
1767620649590,28,200,true,15,15,28
1767620649590,29,200,true,15,15,29
1767620649591,28,200,true,15,15,28
1767620649591,28,200,true,15,15,28
1767620649591,28,200,true,15,15,28
1767620649591,28,200,true,15,15,28
1767620649592,28,200,true,15,15,28
1767620649592,28,200,true,15,15,28
1767620649592,28,200,true,15,15,28
1767620649592,28,200,true,15,15,28
1767620649592,28,200,true,15,15,28
1767620649593,28,200,true,15,15,28
1767620649595,26,200,true,15,15,26
1767620649618,28,200,true,15,15,27
1767620649618,28,200,true,15,15,28
1767620649618,28,200,true,15,15,28
1767620649619,27,200,true,15,15,27
1767620649619,27,200,true,15,15,27
1767620649619,27,200,true,15,15,27
1767620649619,28,200,true,15,15,28
1767620649619,28,200,true,15,15,28
1767620649620,27,200,true,15,15,27
1767620649620,27,200,true,15,15,27
1767620649620,27,200,true,15,15,27
1767620649620,28,200,true,15,15,28
1767620649620,28,200,true,15,15,28
1767620649621,27,200,true,15,15,27
1767620649621,27,200,true,15,15,27
1767620649646,32,200,true,15,15,32
1767620649646,32,200,true,15,15,32
1767620649646,32,200,true,15,15,32
1767620649646,33,200,true,15,15,33
1767620649646,33,200,true,15,15,33
1767620649646,33,200,true,15,15,33
1767620649647,32,200,true,15,15,32
1767620649647,32,200,true,15,15,32
1767620649647,33,200,true,15,15,33
1767620649647,33,200,true,15,15,33
1767620649648,32,200,true,15,15,32
1767620649648,33,200,true,15,15,33
1767620649648,33,200,true,15,15,33
1767620649648,33,200,true,15,15,33
1767620649648,33,200,true,15,15,33
1767620649678,29,200,true,15,15,29
1767620649678,29,200,true,15,15,29
1767620649678,29,200,true,15,15,29
1767620649679,29,200,true,15,15,29
1767620649679,29,200,true,15,15,29
1767620649679,29,200,true,15,15,29
1767620649679,29,200,true,15,15,29
1767620649679,29,200,true,15,15,29
1767620649680,29,200,true,15,15,29
1767620649680,29,200,true,15,15,29
1767620649680,29,200,true,15,15,29
1767620649681,28,200,true,15,15,28
1767620649681,29,200,true,15,15,29
1767620649681,29,200,true,15,15,29
1767620649681,29,200,true,15,15,29
1767620649707,38,200,true,15,15,38
1767620649707,38,200,true,15,15,38
1767620649707,38,200,true,15,15,38
1767620649708,37,200,true,15,15,37
1767620649708,37,200,true,15,15,37
1767620649708,38,200,true,15,15,38
1767620649708,38,200,true,15,15,38
1767620649708,38,200,true,15,15,38
1767620649709,37,200,true,15,15,37
1767620649709,37,200,true,15,15,37
1767620649709,38,200,true,15,15,38
1767620649709,38,200,true,15,15,38
1767620649710,37,200,true,15,15,37
1767620649710,37,200,true,15,15,37
1767620649710,37,200,true,15,15,37
1767620649745,29,200,true,15,15,29
1767620649745,29,200,true,15,15,29
1767620649745,29,200,true,15,15,29
1767620649745,30,200,true,15,15,30
1767620649745,30,200,true,15,15,30
1767620649746,29,200,true,15,15,29
1767620649746,29,200,true,15,15,29
1767620649746,29,200,true,15,15,29
1767620649746,30,200,true,15,15,30
1767620649746,30,200,true,15,15,30
1767620649747,29,200,true,15,15,29
1767620649747,29,200,true,15,15,29
1767620649747,30,200,true,15,15,30
1767620649747,30,200,true,15,15,30
1767620649747,30,200,true,15,15,30
1767620649774,28,200,true,15,15,28
1767620649774,28,200,true,15,15,28
1767620649775,27,200,true,15,15,27
1767620649775,27,200,true,15,15,27
1767620649775,28,200,true,15,15,28
1767620649775,28,200,true,15,15,28
1767620649775,28,200,true,15,15,28
1767620649776,27,200,true,15,15,27
1767620649776,28,200,true,15,15,28
1767620649776,28,200,true,15,15,28
1767620649776,28,200,true,15,15,28
1767620649776,28,200,true,15,15,28
1767620649777,27,200,true,15,15,27
1767620649777,28,200,true,15,15,28
1767620649777,28,200,true,15,15,28
1767620649802,28,200,true,15,15,27
1767620649802,28,200,true,15,15,28
1767620649802,28,200,true,15,15,28
1767620649803,27,200,true,15,15,27
1767620649803,27,200,true,15,15,27
1767620649803,27,200,true,15,15,27
1767620649803,28,200,true,15,15,28
1767620649803,28,200,true,15,15,28
1767620649804,27,200,true,15,15,27
1767620649804,27,200,true,15,15,27
1767620649804,27,200,true,15,15,27
1767620649804,28,200,true,15,15,28
1767620649804,28,200,true,15,15,28
1767620649805,27,200,true,15,15,27
1767620649805,27,200,true,15,15,27
1767620649830,33,200,true,15,15,33
1767620649830,33,200,true,15,15,33
1767620649830,34,200,true,15,15,34
1767620649830,34,200,true,15,15,34
1767620649830,34,200,true,15,15,34
1767620649830,34,200,true,15,15,34
1767620649831,33,200,true,15,15,33
1767620649831,34,200,true,15,15,33
1767620649831,34,200,true,15,15,34
1767620649831,34,200,true,15,15,34
1767620649831,34,200,true,15,15,34
1767620649832,33,200,true,15,15,33
1767620649832,34,200,true,15,15,34
1767620649832,34,200,true,15,15,34
1767620649832,34,200,true,15,15,34
1767620649863,28,200,true,15,15,28
1767620649863,28,200,true,15,15,28
1767620649864,27,200,true,15,15,27
1767620649864,28,200,true,15,15,28
1767620649864,28,200,true,15,15,28
1767620649864,28,200,true,15,15,28
1767620649864,28,200,true,15,15,28
1767620649865,27,200,true,15,15,27
1767620649865,28,200,true,15,15,28
1767620649865,28,200,true,15,15,28
1767620649865,28,200,true,15,15,28
1767620649865,28,200,true,15,15,28
1767620649866,28,200,true,15,15,28
1767620649866,28,200,true,15,15,28
1767620649866,28,200,true,15,15,28
1767620649891,35,200,true,15,15,35
1767620649891,35,200,true,15,15,35
1767620649892,34,200,true,15,15,34
1767620649892,35,200,true,15,15,35
1767620649892,35,200,true,15,15,35
1767620649892,35,200,true,15,15,35
1767620649892,35,200,true,15,15,35
1767620649893,35,200,true,15,15,35
1767620649893,35,200,true,15,15,35
1767620649893,35,200,true,15,15,35
1767620649893,35,200,true,15,15,35
1767620649893,36,200,true,15,15,36
1767620649894,35,200,true,15,15,35
1767620649894,35,200,true,15,15,35
1767620649894,35,200,true,15,15,35
1767620649926,29,200,true,15,15,29
1767620649926,30,200,true,15,15,30
1767620649926,30,200,true,15,15,30
1767620649927,29,200,true,15,15,29
1767620649927,29,200,true,15,15,29
1767620649927,29,200,true,15,15,29
1767620649927,30,200,true,15,15,30
1767620649928,29,200,true,15,15,29
1767620649928,29,200,true,15,15,29
1767620649928,29,200,true,15,15,29
1767620649928,29,200,true,15,15,29
1767620649929,29,200,true,15,15,29
1767620649929,29,200,true,15,15,29
1767620649929,29,200,true,15,15,29
1767620649930,28,200,true,15,15,28
1767620649956,27,200,true,15,15,27
1767620649956,27,200,true,15,15,27
1767620649956,27,200,true,15,15,27
1767620649956,27,200,true,15,15,27
1767620649956,27,200,true,15,15,27
1767620649956,28,200,true,15,15,28
1767620649957,27,200,true,15,15,27
1767620649957,27,200,true,15,15,27
1767620649957,27,200,true,15,15,27
1767620649957,27,200,true,15,15,27
1767620649957,28,200,true,15,15,28
1767620649958,27,200,true,15,15,27
1767620649958,27,200,true,15,15,27
1767620649958,27,200,true,15,15,27
1767620649958,27,200,true,15,15,27
1767620649983,28,200,true,15,15,28
1767620649983,28,200,true,15,15,28
1767620649983,28,200,true,15,15,28
1767620649983,29,200,true,15,15,29
1767620649983,29,200,true,15,15,29
1767620649984,28,200,true,15,15,28
1767620649984,28,200,true,15,15,28
1767620649984,28,200,true,15,15,28
1767620649984,29,200,true,15,15,29
1767620649984,29,200,true,15,15,29
1767620649985,28,200,true,15,15,28
1767620649985,28,200,true,15,15,28
1767620649985,28,200,true,15,15,28
1767620649985,29,200,true,15,15,29
1767620649985,29,200,true,15,15,29
1767620650011,34,200,true,15,15,34
1767620650011,34,200,true,15,15,34
1767620650011,34,200,true,15,15,34
1767620650012,33,200,true,15,15,33
1767620650012,33,200,true,15,15,33
1767620650012,34,200,true,15,15,34
1767620650012,34,200,true,15,15,34
1767620650012,34,200,true,15,15,34
1767620650013,33,200,true,15,15,33
1767620650013,33,200,true,15,15,33
1767620650013,34,200,true,15,15,34
1767620650013,34,200,true,15,15,34
1767620650014,33,200,true,15,15,33
1767620650014,33,200,true,15,15,33
1767620650014,33,200,true,15,15,33
1767620650045,29,200,true,15,15,29
1767620650045,29,200,true,15,15,29
1767620650045,30,200,true,15,15,30
1767620650045,30,200,true,15,15,30
1767620650045,30,200,true,15,15,30
1767620650046,29,200,true,15,15,29
1767620650046,29,200,true,15,15,29
1767620650046,30,200,true,15,15,30
1767620650046,30,200,true,15,15,30
1767620650047,29,200,true,15,15,29
1767620650047,29,200,true,15,15,29
1767620650047,29,200,true,15,15,29
1767620650047,30,200,true,15,15,30
1767620650047,30,200,true,15,15,30
1767620650048,29,200,true,15,15,29
1767620650074,34,200,true,15,15,34
1767620650075,33,200,true,15,15,33
1767620650075,33,200,true,15,15,33
1767620650075,34,200,true,15,15,34
1767620650075,34,200,true,15,15,34
1767620650075,34,200,true,15,15,34
1767620650076,33,200,true,15,15,33
1767620650076,33,200,true,15,15,33
1767620650076,34,200,true,15,15,34
1767620650076,34,200,true,15,15,34
1767620650076,34,200,true,15,15,34
1767620650076,34,200,true,15,15,34
1767620650077,33,200,true,15,15,33
1767620650077,34,200,true,15,15,34
1767620650077,34,200,true,15,15,34
1767620650108,29,200,true,15,15,29
1767620650108,29,200,true,15,15,29
1767620650108,29,200,true,15,15,29
1767620650109,28,200,true,15,15,28
1767620650109,28,200,true,15,15,28
1767620650109,29,200,true,15,15,29
1767620650109,29,200,true,15,15,29
1767620650109,29,200,true,15,15,29
1767620650110,28,200,true,15,15,28
1767620650110,28,200,true,15,15,28
1767620650110,29,200,true,15,15,29
1767620650110,29,200,true,15,15,29
1767620650110,29,200,true,15,15,29
1767620650111,28,200,true,15,15,28
1767620650111,28,200,true,15,15,28
1767620650137,28,200,true,15,15,28
1767620650137,28,200,true,15,15,28
1767620650137,29,200,true,15,15,29
1767620650137,29,200,true,15,15,29
1767620650137,29,200,true,15,15,29
1767620650138,28,200,true,15,15,28
1767620650138,29,200,true,15,15,29
1767620650138,29,200,true,15,15,29
1767620650138,29,200,true,15,15,29
1767620650138,29,200,true,15,15,29
1767620650139,28,200,true,15,15,28
1767620650139,28,200,true,15,15,28
1767620650139,29,200,true,15,15,29
1767620650139,29,200,true,15,15,29
1767620650139,29,200,true,15,15,29
1767620650165,31,200,true,15,15,31
1767620650166,30,200,true,15,15,30
1767620650166,30,200,true,15,15,30
1767620650166,31,200,true,15,15,31
1767620650166,31,200,true,15,15,31
1767620650166,31,200,true,15,15,31
1767620650167,30,200,true,15,15,30
1767620650167,30,200,true,15,15,30
1767620650167,31,200,true,15,15,31
1767620650167,31,200,true,15,15,31
1767620650167,31,200,true,15,15,31
1767620650168,30,200,true,15,15,30
1767620650168,30,200,true,15,15,30
1767620650168,31,200,true,15,15,31
1767620650168,31,200,true,15,15,31
1767620650196,34,200,true,15,15,34
1767620650196,34,200,true,15,15,34
1767620650197,33,200,true,15,15,33
1767620650197,33,200,true,15,15,33
1767620650197,34,200,true,15,15,34
1767620650197,34,200,true,15,15,34
1767620650197,34,200,true,15,15,34
1767620650198,33,200,true,15,15,33
1767620650198,33,200,true,15,15,33
1767620650198,34,200,true,15,15,34
1767620650198,34,200,true,15,15,34
1767620650198,34,200,true,15,15,34
1767620650199,33,200,true,15,15,33
1767620650199,33,200,true,15,15,33
1767620650199,34,200,true,15,15,34
1767620650230,34,200,true,15,15,34
1767620650230,34,200,true,15,15,34
1767620650230,35,200,true,15,15,35
1767620650230,35,200,true,15,15,35
1767620650231,34,200,true,15,15,34
1767620650231,35,200,true,15,15,35
1767620650231,35,200,true,15,15,35
1767620650231,35,200,true,15,15,35
1767620650232,35,200,true,15,15,35
1767620650232,35,200,true,15,15,35
1767620650232,35,200,true,15,15,35
1767620650232,35,200,true,15,15,35
1767620650232,36,200,true,15,15,36
1767620650232,36,200,true,15,15,36
1767620650233,35,200,true,15,15,35
1767620650264,39,200,true,15,15,38
1767620650264,39,200,true,15,15,39
1767620650265,38,200,true,15,15,38
1767620650265,38,200,true,15,15,38
1767620650265,38,200,true,15,15,38
1767620650266,38,200,true,15,15,38
1767620650266,38,200,true,15,15,38
1767620650266,38,200,true,15,15,38
1767620650267,37,200,true,15,15,37
1767620650267,37,200,true,15,15,37
1767620650267,38,200,true,15,15,38
1767620650268,37,200,true,15,15,37
1767620650268,37,200,true,15,15,37
1767620650268,37,200,true,15,15,37
1767620650268,37,200,true,15,15,37
1767620650303,28,200,true,15,15,28
1767620650303,28,200,true,15,15,28
1767620650303,28,200,true,15,15,28
1767620650303,28,200,true,15,15,28
1767620650303,29,200,true,15,15,29
1767620650304,28,200,true,15,15,28
1767620650304,28,200,true,15,15,28
1767620650304,28,200,true,15,15,28
1767620650304,29,200,true,15,15,29
1767620650304,29,200,true,15,15,29
1767620650305,28,200,true,15,15,28
1767620650305,28,200,true,15,15,28
1767620650305,28,200,true,15,15,28
1767620650305,29,200,true,15,15,29
1767620650305,29,200,true,15,15,29
1767620650331,28,200,true,15,15,28
1767620650331,29,200,true,15,15,29
1767620650331,29,200,true,15,15,29
1767620650332,28,200,true,15,15,28
1767620650332,28,200,true,15,15,28
1767620650332,28,200,true,15,15,28
1767620650332,29,200,true,15,15,29
1767620650332,29,200,true,15,15,29
1767620650333,28,200,true,15,15,28
1767620650333,28,200,true,15,15,28
1767620650333,28,200,true,15,15,28
1767620650333,29,200,true,15,15,29
1767620650333,29,200,true,15,15,29
1767620650334,28,200,true,15,15,28
1767620650334,28,200,true,15,15,28
1767620650360,27,200,true,15,15,27
1767620650360,27,200,true,15,15,27
1767620650360,27,200,true,15,15,27
1767620650360,28,200,true,15,15,27
1767620650360,28,200,true,15,15,28
1767620650360,28,200,true,15,15,28
1767620650361,27,200,true,15,15,27
1767620650361,27,200,true,15,15,27
1767620650361,28,200,true,15,15,28
1767620650361,28,200,true,15,15,28
1767620650361,28,200,true,15,15,28
1767620650362,27,200,true,15,15,27
1767620650362,27,200,true,15,15,27
1767620650362,28,200,true,15,15,28
1767620650362,28,200,true,15,15,28
1767620650387,33,200,true,15,15,33
1767620650387,33,200,true,15,15,33
1767620650387,33,200,true,15,15,33
1767620650388,32,200,true,15,15,32
1767620650388,33,200,true,15,15,33
1767620650388,33,200,true,15,15,33
1767620650388,33,200,true,15,15,33
1767620650388,33,200,true,15,15,33
1767620650389,32,200,true,15,15,32
1767620650389,33,200,true,15,15,33
1767620650389,33,200,true,15,15,33
1767620650389,33,200,true,15,15,33
1767620650389,33,200,true,15,15,33
1767620650390,32,200,true,15,15,32
1767620650390,33,200,true,15,15,33
1767620650420,27,200,true,15,15,27
1767620650420,27,200,true,15,15,27
1767620650420,27,200,true,15,15,27
1767620650420,28,200,true,15,15,28
1767620650421,27,200,true,15,15,27
1767620650421,27,200,true,15,15,27
1767620650421,27,200,true,15,15,27
1767620650421,27,200,true,15,15,27
1767620650421,28,200,true,15,15,28
1767620650422,27,200,true,15,15,27
1767620650422,27,200,true,15,15,27
1767620650422,27,200,true,15,15,27
1767620650422,28,200,true,15,15,28
1767620650422,28,200,true,15,15,28
1767620650423,27,200,true,15,15,27
1767620650447,31,200,true,15,15,31
1767620650447,31,200,true,15,15,31
1767620650448,31,200,true,15,15,31
1767620650448,31,200,true,15,15,31
1767620650448,31,200,true,15,15,31
1767620650448,31,200,true,15,15,31
1767620650448,31,200,true,15,15,31
1767620650449,31,200,true,15,15,31
1767620650449,31,200,true,15,15,31
1767620650449,31,200,true,15,15,31
1767620650449,31,200,true,15,15,31
1767620650449,31,200,true,15,15,31
1767620650450,31,200,true,15,15,31
1767620650450,31,200,true,15,15,31
1767620650450,31,200,true,15,15,31
1767620650478,32,200,true,15,15,32
1767620650479,31,200,true,15,15,31
1767620650479,31,200,true,15,15,31
1767620650479,31,200,true,15,15,31
1767620650479,31,200,true,15,15,31
1767620650479,32,200,true,15,15,32
1767620650480,31,200,true,15,15,31
1767620650480,31,200,true,15,15,31
1767620650480,31,200,true,15,15,31
1767620650480,31,200,true,15,15,31
1767620650480,32,200,true,15,15,32
1767620650480,32,200,true,15,15,32
1767620650481,31,200,true,15,15,31
1767620650481,31,200,true,15,15,31
1767620650481,31,200,true,15,15,31
1767620650510,29,200,true,15,15,29
1767620650510,29,200,true,15,15,29
1767620650510,29,200,true,15,15,29
1767620650510,30,200,true,15,15,30
1767620650510,30,200,true,15,15,30
1767620650511,29,200,true,15,15,29
1767620650511,29,200,true,15,15,29
1767620650511,29,200,true,15,15,29
1767620650511,30,200,true,15,15,30
1767620650511,30,200,true,15,15,30
1767620650512,29,200,true,15,15,29
1767620650512,29,200,true,15,15,29
1767620650512,29,200,true,15,15,29
1767620650512,30,200,true,15,15,30
1767620650513,29,200,true,15,15,29
1767620650539,29,200,true,15,15,29
1767620650539,29,200,true,15,15,29
1767620650539,30,200,true,15,15,30
1767620650540,29,200,true,15,15,29
1767620650540,29,200,true,15,15,29
1767620650540,29,200,true,15,15,29
1767620650540,29,200,true,15,15,29
1767620650540,30,200,true,15,15,30
1767620650541,29,200,true,15,15,29
1767620650541,29,200,true,15,15,29
1767620650541,29,200,true,15,15,29
1767620650541,29,200,true,15,15,29
1767620650541,30,200,true,15,15,30
1767620650542,29,200,true,15,15,29
1767620650542,29,200,true,15,15,29
1767620650569,32,200,true,15,15,32
1767620650569,32,200,true,15,15,32
1767620650569,32,200,true,15,15,32
1767620650569,32,200,true,15,15,32
1767620650569,33,200,true,15,15,33
1767620650569,33,200,true,15,15,33
1767620650569,33,200,true,15,15,33
1767620650570,32,200,true,15,15,32
1767620650570,32,200,true,15,15,32
1767620650570,33,200,true,15,15,33
1767620650570,33,200,true,15,15,33
1767620650571,32,200,true,15,15,32
1767620650571,32,200,true,15,15,32
1767620650571,32,200,true,15,15,32
1767620650571,33,200,true,15,15,33
1767620650601,30,200,true,15,15,30
1767620650601,30,200,true,15,15,30
1767620650601,30,200,true,15,15,30
1767620650601,31,200,true,15,15,31
1767620650602,30,200,true,15,15,30
1767620650602,30,200,true,15,15,30
1767620650602,30,200,true,15,15,30
1767620650602,30,200,true,15,15,30
1767620650602,31,200,true,15,15,31
1767620650603,30,200,true,15,15,30
1767620650603,30,200,true,15,15,30
1767620650603,30,200,true,15,15,30
1767620650603,30,200,true,15,15,30
1767620650603,31,200,true,15,15,31
1767620650604,30,200,true,15,15,30
1767620650631,28,200,true,15,15,28
1767620650631,28,200,true,15,15,28
1767620650631,28,200,true,15,15,28
1767620650632,27,200,true,15,15,27
1767620650632,27,200,true,15,15,27
1767620650632,28,200,true,15,15,28
1767620650632,28,200,true,15,15,28
1767620650632,28,200,true,15,15,28
1767620650633,27,200,true,15,15,27
1767620650633,27,200,true,15,15,27
1767620650633,28,200,true,15,15,28
1767620650633,28,200,true,15,15,28
1767620650633,28,200,true,15,15,28
1767620650634,27,200,true,15,15,27
1767620650634,27,200,true,15,15,27
1767620650659,33,200,true,15,15,33
1767620650659,33,200,true,15,15,33
1767620650659,33,200,true,15,15,33
1767620650659,33,200,true,15,15,33
1767620650659,34,200,true,15,15,34
1767620650660,33,200,true,15,15,33
1767620650660,33,200,true,15,15,33
1767620650660,33,200,true,15,15,33
1767620650660,33,200,true,15,15,33
1767620650660,34,200,true,15,15,34
1767620650661,33,200,true,15,15,33
1767620650661,33,200,true,15,15,33
1767620650661,33,200,true,15,15,33
1767620650661,33,200,true,15,15,33
1767620650661,34,200,true,15,15,34
1767620650692,27,200,true,15,15,27
1767620650692,28,200,true,15,15,28
1767620650692,28,200,true,15,15,28
1767620650693,27,200,true,15,15,27
1767620650693,27,200,true,15,15,27
1767620650693,27,200,true,15,15,27
1767620650693,28,200,true,15,15,28
1767620650693,28,200,true,15,15,28
1767620650694,27,200,true,15,15,27
1767620650694,27,200,true,15,15,27
1767620650694,27,200,true,15,15,27
1767620650694,28,200,true,15,15,28
1767620650694,28,200,true,15,15,28
1767620650695,27,200,true,15,15,27
1767620650695,27,200,true,15,15,27
1767620650720,32,200,true,15,15,32
1767620650720,32,200,true,15,15,32
1767620650720,32,200,true,15,15,32
1767620650720,33,200,true,15,15,33
1767620650720,33,200,true,15,15,33
1767620650720,33,200,true,15,15,33
1767620650721,32,200,true,15,15,32
1767620650721,32,200,true,15,15,32
1767620650721,33,200,true,15,15,33
1767620650721,33,200,true,15,15,33
1767620650721,33,200,true,15,15,33
1767620650722,32,200,true,15,15,32
1767620650722,32,200,true,15,15,32
1767620650722,33,200,true,15,15,33
1767620650722,33,200,true,15,15,33
1767620650752,28,200,true,15,15,28
1767620650752,28,200,true,15,15,28
1767620650752,29,200,true,15,15,29
1767620650753,28,200,true,15,15,28
1767620650753,28,200,true,15,15,28
1767620650753,28,200,true,15,15,28
1767620650753,28,200,true,15,15,28
1767620650753,29,200,true,15,15,29
1767620650754,28,200,true,15,15,28
1767620650754,28,200,true,15,15,28
1767620650754,28,200,true,15,15,28
1767620650754,28,200,true,15,15,28
1767620650755,28,200,true,15,15,28
1767620650755,28,200,true,15,15,28
1767620650755,28,200,true,15,15,28
1767620650780,32,200,true,15,15,32
1767620650780,32,200,true,15,15,32
1767620650781,32,200,true,15,15,32
1767620650781,32,200,true,15,15,32
1767620650781,32,200,true,15,15,32
1767620650781,32,200,true,15,15,32
1767620650781,33,200,true,15,15,33
1767620650782,32,200,true,15,15,32
1767620650782,32,200,true,15,15,32
1767620650782,32,200,true,15,15,32
1767620650782,32,200,true,15,15,32
1767620650782,33,200,true,15,15,33
1767620650783,32,200,true,15,15,32
1767620650783,32,200,true,15,15,32
1767620650783,32,200,true,15,15,32
1767620650813,27,200,true,15,15,27
1767620650813,27,200,true,15,15,27
1767620650813,27,200,true,15,15,27
1767620650813,28,200,true,15,15,28
1767620650813,28,200,true,15,15,28
1767620650813,28,200,true,15,15,28
1767620650814,27,200,true,15,15,27
1767620650814,28,200,true,15,15,28
1767620650814,28,200,true,15,15,28
1767620650814,28,200,true,15,15,28
1767620650814,28,200,true,15,15,28
1767620650815,27,200,true,15,15,27
1767620650815,28,200,true,15,15,27
1767620650815,28,200,true,15,15,28
1767620650815,28,200,true,15,15,28
1767620650840,33,200,true,15,15,33
1767620650840,33,200,true,15,15,33
1767620650841,32,200,true,15,15,32
1767620650841,32,200,true,15,15,32
1767620650841,32,200,true,15,15,32
1767620650841,33,200,true,15,15,33
1767620650841,33,200,true,15,15,33
1767620650842,32,200,true,15,15,32
1767620650842,32,200,true,15,15,32
1767620650842,32,200,true,15,15,32
1767620650842,33,200,true,15,15,33
1767620650842,33,200,true,15,15,33
1767620650843,32,200,true,15,15,32
1767620650843,32,200,true,15,15,32
1767620650843,32,200,true,15,15,32
1767620650873,27,200,true,15,15,27
1767620650873,27,200,true,15,15,27
1767620650873,27,200,true,15,15,27
1767620650873,28,200,true,15,15,28
1767620650873,28,200,true,15,15,28
1767620650874,27,200,true,15,15,27
1767620650874,27,200,true,15,15,27
1767620650874,27,200,true,15,15,27
1767620650874,28,200,true,15,15,28
1767620650874,28,200,true,15,15,28
1767620650875,27,200,true,15,15,27
1767620650875,27,200,true,15,15,27
1767620650875,27,200,true,15,15,27
1767620650875,28,200,true,15,15,28
1767620650875,28,200,true,15,15,28
1767620650900,28,200,true,15,15,28
1767620650900,28,200,true,15,15,28
1767620650901,27,200,true,15,15,27
1767620650901,27,200,true,15,15,27
1767620650901,28,200,true,15,15,28
1767620650901,28,200,true,15,15,28
1767620650901,28,200,true,15,15,28
1767620650902,27,200,true,15,15,27
1767620650902,27,200,true,15,15,27
1767620650902,28,200,true,15,15,28
1767620650902,28,200,true,15,15,28
1767620650902,28,200,true,15,15,28
1767620650903,27,200,true,15,15,27
1767620650903,27,200,true,15,15,27
1767620650903,28,200,true,15,15,28
1767620650928,27,200,true,15,15,27
1767620650928,28,200,true,15,15,28
1767620650928,28,200,true,15,15,28
1767620650928,28,200,true,15,15,28
1767620650929,27,200,true,15,15,27
1767620650929,27,200,true,15,15,27
1767620650929,28,200,true,15,15,28
1767620650929,28,200,true,15,15,28
1767620650929,28,200,true,15,15,28
1767620650930,27,200,true,15,15,27
1767620650930,27,200,true,15,15,27
1767620650930,28,200,true,15,15,28
1767620650930,28,200,true,15,15,28
1767620650930,28,200,true,15,15,28
1767620650931,27,200,true,15,15,27
1767620650956,42,200,true,15,15,42
1767620650956,42,200,true,15,15,42
1767620650956,42,200,true,15,15,42
1767620650956,42,200,true,15,15,42
1767620650956,43,200,true,15,15,43
1767620650956,43,200,true,15,15,43
1767620650957,42,200,true,15,15,42
1767620650957,42,200,true,15,15,42
1767620650957,43,200,true,15,15,43
1767620650957,43,200,true,15,15,43
1767620650957,43,200,true,15,15,43
1767620650958,42,200,true,15,15,42
1767620650958,42,200,true,15,15,42
1767620650958,43,200,true,15,15,43
1767620650958,43,200,true,15,15,43
1767620650998,34,200,true,15,15,34
1767620650998,34,200,true,15,15,34
1767620650998,34,200,true,15,15,34
1767620650998,34,200,true,15,15,34
1767620650999,34,200,true,15,15,34
1767620650999,34,200,true,15,15,34
1767620650999,34,200,true,15,15,34
1767620650999,34,200,true,15,15,34
1767620651000,33,200,true,15,15,33
1767620651000,34,200,true,15,15,34
1767620651000,34,200,true,15,15,34
1767620651000,34,200,true,15,15,34
1767620651001,33,200,true,15,15,33
1767620651001,33,200,true,15,15,33
1767620651001,34,200,true,15,15,34
1767620651032,29,200,true,15,15,29
1767620651032,29,200,true,15,15,29
1767620651032,30,200,true,15,15,30
1767620651033,29,200,true,15,15,29
1767620651033,29,200,true,15,15,29
1767620651033,29,200,true,15,15,29
1767620651033,29,200,true,15,15,29
1767620651033,30,200,true,15,15,30
1767620651034,29,200,true,15,15,29
1767620651034,29,200,true,15,15,29
1767620651034,29,200,true,15,15,29
1767620651034,29,200,true,15,15,29
1767620651034,30,200,true,15,15,30
1767620651034,33,200,true,15,15,33
1767620651035,32,200,true,15,15,32
1767620651061,32,200,true,15,15,32
1767620651061,32,200,true,15,15,32
1767620651062,31,200,true,15,15,31
1767620651062,32,200,true,15,15,32
1767620651062,32,200,true,15,15,32
1767620651062,32,200,true,15,15,32
1767620651062,32,200,true,15,15,32
1767620651063,32,200,true,15,15,31
1767620651063,32,200,true,15,15,32
1767620651063,32,200,true,15,15,32
1767620651063,32,200,true,15,15,32
1767620651063,32,200,true,15,15,32
1767620651064,32,200,true,15,15,32
1767620651067,29,200,true,15,15,29
1767620651067,29,200,true,15,15,29
1767620651093,28,200,true,15,15,28
1767620651093,28,200,true,15,15,28
1767620651094,28,200,true,15,15,28
1767620651094,28,200,true,15,15,28
1767620651094,28,200,true,15,15,28
1767620651094,28,200,true,15,15,28
1767620651094,28,200,true,15,15,28
1767620651095,28,200,true,15,15,28
1767620651095,28,200,true,15,15,28
1767620651095,28,200,true,15,15,28
1767620651095,28,200,true,15,15,28
1767620651095,28,200,true,15,15,28
1767620651096,28,200,true,15,15,28
1767620651096,28,200,true,15,15,28
1767620651096,28,200,true,15,15,28
1767620651121,28,200,true,15,15,28
1767620651122,27,200,true,15,15,27
1767620651122,27,200,true,15,15,27
1767620651122,27,200,true,15,15,27
1767620651122,28,200,true,15,15,28
1767620651122,28,200,true,15,15,28
1767620651122,28,200,true,15,15,28
1767620651123,27,200,true,15,15,27
1767620651123,28,200,true,15,15,28
1767620651123,28,200,true,15,15,28
1767620651123,28,200,true,15,15,28
1767620651123,28,200,true,15,15,28
1767620651124,27,200,true,15,15,27
1767620651124,28,200,true,15,15,28
1767620651124,28,200,true,15,15,28
1767620651149,28,200,true,15,15,28
1767620651149,28,200,true,15,15,28
1767620651149,28,200,true,15,15,28
1767620651150,28,200,true,15,15,28
1767620651150,28,200,true,15,15,28
1767620651150,28,200,true,15,15,28
1767620651150,28,200,true,15,15,28
1767620651150,28,200,true,15,15,28
1767620651151,28,200,true,15,15,28
1767620651151,28,200,true,15,15,28
1767620651151,28,200,true,15,15,28
1767620651151,28,200,true,15,15,28
1767620651151,28,200,true,15,15,28
1767620651152,28,200,true,15,15,28
1767620651152,28,200,true,15,15,28
1767620651177,32,200,true,15,15,32
1767620651177,33,200,true,15,15,33
1767620651177,33,200,true,15,15,33
1767620651178,32,200,true,15,15,32
1767620651178,32,200,true,15,15,32
1767620651178,32,200,true,15,15,32
1767620651178,33,200,true,15,15,33
1767620651178,33,200,true,15,15,33
1767620651179,32,200,true,15,15,32
1767620651179,32,200,true,15,15,32
1767620651179,32,200,true,15,15,32
1767620651179,33,200,true,15,15,33
1767620651179,33,200,true,15,15,33
1767620651180,32,200,true,15,15,32
1767620651180,32,200,true,15,15,32
1767620651210,30,200,true,15,15,30
1767620651210,30,200,true,15,15,30
1767620651210,30,200,true,15,15,30
1767620651210,31,200,true,15,15,31
1767620651210,31,200,true,15,15,31
1767620651210,31,200,true,15,15,31
1767620651211,30,200,true,15,15,30
1767620651211,30,200,true,15,15,30
1767620651211,31,200,true,15,15,31
1767620651211,31,200,true,15,15,31
1767620651212,30,200,true,15,15,30
1767620651212,30,200,true,15,15,30
1767620651212,31,200,true,15,15,30
1767620651212,31,200,true,15,15,31
1767620651212,31,200,true,15,15,31
1767620651240,28,200,true,15,15,28
1767620651240,28,200,true,15,15,28
1767620651240,28,200,true,15,15,28
1767620651241,28,200,true,15,15,28
1767620651241,28,200,true,15,15,28
1767620651241,28,200,true,15,15,28
1767620651241,28,200,true,15,15,28
1767620651242,27,200,true,15,15,27
1767620651242,28,200,true,15,15,28
1767620651242,28,200,true,15,15,28
1767620651242,28,200,true,15,15,28
1767620651242,28,200,true,15,15,28
1767620651243,27,200,true,15,15,27
1767620651243,28,200,true,15,15,28
1767620651243,28,200,true,15,15,28
1767620651268,28,200,true,15,15,28
1767620651268,28,200,true,15,15,28
1767620651268,29,200,true,15,15,29
1767620651269,28,200,true,15,15,28
1767620651269,28,200,true,15,15,28
1767620651269,28,200,true,15,15,28
1767620651269,28,200,true,15,15,28
1767620651269,29,200,true,15,15,29
1767620651270,28,200,true,15,15,28
1767620651270,28,200,true,15,15,28
1767620651270,28,200,true,15,15,28
1767620651270,28,200,true,15,15,28
1767620651270,29,200,true,15,15,29
1767620651271,28,200,true,15,15,28
1767620651271,28,200,true,15,15,28
1767620651296,29,200,true,15,15,29
1767620651296,29,200,true,15,15,29
1767620651297,28,200,true,15,15,28
1767620651297,28,200,true,15,15,28
1767620651297,29,200,true,15,15,29
1767620651297,29,200,true,15,15,29
1767620651297,29,200,true,15,15,29
1767620651298,28,200,true,15,15,28
1767620651298,28,200,true,15,15,28
1767620651298,29,200,true,15,15,29
1767620651298,29,200,true,15,15,29
1767620651298,29,200,true,15,15,29
1767620651299,28,200,true,15,15,28
1767620651299,29,200,true,15,15,29
1767620651299,29,200,true,15,15,29
1767620651325,28,200,true,15,15,28
1767620651325,28,200,true,15,15,28
1767620651325,29,200,true,15,15,29
1767620651326,28,200,true,15,15,28
1767620651326,28,200,true,15,15,28
1767620651326,28,200,true,15,15,28
1767620651326,29,200,true,15,15,29
1767620651326,29,200,true,15,15,29
1767620651327,28,200,true,15,15,28
1767620651327,28,200,true,15,15,28
1767620651327,29,200,true,15,15,29
1767620651327,29,200,true,15,15,29
1767620651327,29,200,true,15,15,29
1767620651328,28,200,true,15,15,28
1767620651328,29,200,true,15,15,29
1767620651353,41,200,true,15,15,41
1767620651353,41,200,true,15,15,41
1767620651354,41,200,true,15,15,41
1767620651354,41,200,true,15,15,41
1767620651354,41,200,true,15,15,41
1767620651354,41,200,true,15,15,41
1767620651355,40,200,true,15,15,40
1767620651355,41,200,true,15,15,41
1767620651355,41,200,true,15,15,41
1767620651356,40,200,true,15,15,40
1767620651356,40,200,true,15,15,40
1767620651356,41,200,true,15,15,41
1767620651356,41,200,true,15,15,41
1767620651357,40,200,true,15,15,40
1767620651357,41,200,true,15,15,41
1767620651394,31,200,true,15,15,31
1767620651394,31,200,true,15,15,31
1767620651395,30,200,true,15,15,30
1767620651395,30,200,true,15,15,30
1767620651395,30,200,true,15,15,30
1767620651395,31,200,true,15,15,31
1767620651395,31,200,true,15,15,31
1767620651396,30,200,true,15,15,30
1767620651396,30,200,true,15,15,30
1767620651396,30,200,true,15,15,30
1767620651396,31,200,true,15,15,31
1767620651397,30,200,true,15,15,30
1767620651397,30,200,true,15,15,30
1767620651397,30,200,true,15,15,30
1767620651398,29,200,true,15,15,29
1767620651425,28,200,true,15,15,28
1767620651425,28,200,true,15,15,28
1767620651425,28,200,true,15,15,28
1767620651425,28,200,true,15,15,28
1767620651425,28,200,true,15,15,28
1767620651426,28,200,true,15,15,28
1767620651426,28,200,true,15,15,28
1767620651426,28,200,true,15,15,28
1767620651426,28,200,true,15,15,28
1767620651426,28,200,true,15,15,28
1767620651427,28,200,true,15,15,28
1767620651427,28,200,true,15,15,28
1767620651427,28,200,true,15,15,28
1767620651427,28,200,true,15,15,28
1767620651428,27,200,true,15,15,27
1767620651453,41,200,true,15,15,41
1767620651453,42,200,true,15,15,42
1767620651453,42,200,true,15,15,42
1767620651453,42,200,true,15,15,42
1767620651453,42,200,true,15,15,42
1767620651454,41,200,true,15,15,41
1767620651454,42,200,true,15,15,42
1767620651454,42,200,true,15,15,42
1767620651454,42,200,true,15,15,42
1767620651454,42,200,true,15,15,42
1767620651455,41,200,true,15,15,41
1767620651455,42,200,true,15,15,42
1767620651455,42,200,true,15,15,42
1767620651455,42,200,true,15,15,42
1767620651455,42,200,true,15,15,42
1767620651495,33,200,true,15,15,33
1767620651495,33,200,true,15,15,33
1767620651495,33,200,true,15,15,33
1767620651495,33,200,true,15,15,33
1767620651495,33,200,true,15,15,33
1767620651496,33,200,true,15,15,33
1767620651496,33,200,true,15,15,33
1767620651496,33,200,true,15,15,33
1767620651496,33,200,true,15,15,33
1767620651496,33,200,true,15,15,33
1767620651497,33,200,true,15,15,33
1767620651497,33,200,true,15,15,33
1767620651497,33,200,true,15,15,33
1767620651497,33,200,true,15,15,33
1767620651497,33,200,true,15,15,33
1767620651528,28,200,true,15,15,28
1767620651528,29,200,true,15,15,29
1767620651528,29,200,true,15,15,29
1767620651528,29,200,true,15,15,29
1767620651528,29,200,true,15,15,29
1767620651529,28,200,true,15,15,28
1767620651529,29,200,true,15,15,29
1767620651529,29,200,true,15,15,29
1767620651529,29,200,true,15,15,29
1767620651529,29,200,true,15,15,29
1767620651530,28,200,true,15,15,28
1767620651530,29,200,true,15,15,29
1767620651530,29,200,true,15,15,29
1767620651530,29,200,true,15,15,29
1767620651530,29,200,true,15,15,29
1767620651557,33,200,true,15,15,33
1767620651557,33,200,true,15,15,33
1767620651557,33,200,true,15,15,33
1767620651557,33,200,true,15,15,33
1767620651557,34,200,true,15,15,34
1767620651557,34,200,true,15,15,34
1767620651558,33,200,true,15,15,33
1767620651558,33,200,true,15,15,33
1767620651558,33,200,true,15,15,33
1767620651558,34,200,true,15,15,34
1767620651558,34,200,true,15,15,34
1767620651559,33,200,true,15,15,33
1767620651559,33,200,true,15,15,33
1767620651559,33,200,true,15,15,33
1767620651559,34,200,true,15,15,34
1767620651590,37,200,true,15,15,37
1767620651590,37,200,true,15,15,37
1767620651590,37,200,true,15,15,37
1767620651591,36,200,true,15,15,36
1767620651591,36,200,true,15,15,36
1767620651591,37,200,true,15,15,36
1767620651591,37,200,true,15,15,37
1767620651591,37,200,true,15,15,37
1767620651591,37,200,true,15,15,37
1767620651592,36,200,true,15,15,36
1767620651592,36,200,true,15,15,36
1767620651592,37,200,true,15,15,37
1767620651592,37,200,true,15,15,37
1767620651592,37,200,true,15,15,37
1767620651593,36,200,true,15,15,36
1767620651627,27,200,true,15,15,27
1767620651627,27,200,true,15,15,27
1767620651627,28,200,true,15,15,28
1767620651627,28,200,true,15,15,28
1767620651627,28,200,true,15,15,28
1767620651628,27,200,true,15,15,27
1767620651628,27,200,true,15,15,27
1767620651628,28,200,true,15,15,28
1767620651628,28,200,true,15,15,28
1767620651628,28,200,true,15,15,28
1767620651629,27,200,true,15,15,27
1767620651629,27,200,true,15,15,27
1767620651629,28,200,true,15,15,28
1767620651629,28,200,true,15,15,28
1767620651629,28,200,true,15,15,28
1767620651654,29,200,true,15,15,29
1767620651654,29,200,true,15,15,29
1767620651655,28,200,true,15,15,28
1767620651655,28,200,true,15,15,28
1767620651655,28,200,true,15,15,28
1767620651655,29,200,true,15,15,29
1767620651655,29,200,true,15,15,29
1767620651656,28,200,true,15,15,28
1767620651656,28,200,true,15,15,28
1767620651656,28,200,true,15,15,28
1767620651656,29,200,true,15,15,29
1767620651656,29,200,true,15,15,29
1767620651657,28,200,true,15,15,28
1767620651657,28,200,true,15,15,28
1767620651657,28,200,true,15,15,28
1767620651683,27,200,true,15,15,27
1767620651683,28,200,true,15,15,28
1767620651683,28,200,true,15,15,28
1767620651683,28,200,true,15,15,28
1767620651683,28,200,true,15,15,28
1767620651684,27,200,true,15,15,27
1767620651684,28,200,true,15,15,28
1767620651684,28,200,true,15,15,28
1767620651684,28,200,true,15,15,28
1767620651684,28,200,true,15,15,28
1767620651685,27,200,true,15,15,27
1767620651685,28,200,true,15,15,28
1767620651685,28,200,true,15,15,28
1767620651685,28,200,true,15,15,28
1767620651685,28,200,true,15,15,28
1767620651711,33,200,true,15,15,33
1767620651711,33,200,true,15,15,33
1767620651711,34,200,true,15,15,34
1767620651711,34,200,true,15,15,34
1767620651711,34,200,true,15,15,34
1767620651711,34,200,true,15,15,34
1767620651712,33,200,true,15,15,33
1767620651712,34,200,true,15,15,34
1767620651712,34,200,true,15,15,34
1767620651712,34,200,true,15,15,34
1767620651712,34,200,true,15,15,34
1767620651713,33,200,true,15,15,33
1767620651713,34,200,true,15,15,34
1767620651713,34,200,true,15,15,34
1767620651713,34,200,true,15,15,34
1767620651744,28,200,true,15,15,28
1767620651744,28,200,true,15,15,28
1767620651745,27,200,true,15,15,27
1767620651745,28,200,true,15,15,28
1767620651745,28,200,true,15,15,28
1767620651745,28,200,true,15,15,28
1767620651745,28,200,true,15,15,28
1767620651746,27,200,true,15,15,27
1767620651746,28,200,true,15,15,28
1767620651746,28,200,true,15,15,28
1767620651746,28,200,true,15,15,28
1767620651746,28,200,true,15,15,28
1767620651747,27,200,true,15,15,27
1767620651747,28,200,true,15,15,28
1767620651747,28,200,true,15,15,28
1767620651772,32,200,true,15,15,32
1767620651772,32,200,true,15,15,32
1767620651773,32,200,true,15,15,32
1767620651773,32,200,true,15,15,32
1767620651773,32,200,true,15,15,32
1767620651773,32,200,true,15,15,32
1767620651773,32,200,true,15,15,32
1767620651774,32,200,true,15,15,32
1767620651774,32,200,true,15,15,32
1767620651774,32,200,true,15,15,32
1767620651774,32,200,true,15,15,32
1767620651774,32,200,true,15,15,32
1767620651775,32,200,true,15,15,32
1767620651775,32,200,true,15,15,32
1767620651775,32,200,true,15,15,32
1767620651804,28,200,true,15,15,28
1767620651805,27,200,true,15,15,27
1767620651805,27,200,true,15,15,27
1767620651805,27,200,true,15,15,27
1767620651805,27,200,true,15,15,27
1767620651805,27,200,true,15,15,27
1767620651806,27,200,true,15,15,27
1767620651806,27,200,true,15,15,27
1767620651806,27,200,true,15,15,27
1767620651806,27,200,true,15,15,27
1767620651806,27,200,true,15,15,27
1767620651807,27,200,true,15,15,27
1767620651807,27,200,true,15,15,27
1767620651807,27,200,true,15,15,27
1767620651807,27,200,true,15,15,27
1767620651832,30,200,true,15,15,30
1767620651832,30,200,true,15,15,30
1767620651832,31,200,true,15,15,31
1767620651832,31,200,true,15,15,31
1767620651832,31,200,true,15,15,31
1767620651833,31,200,true,15,15,30
1767620651833,31,200,true,15,15,31
1767620651833,31,200,true,15,15,31
1767620651833,31,200,true,15,15,31
1767620651833,31,200,true,15,15,31
1767620651834,31,200,true,15,15,31
1767620651834,31,200,true,15,15,31
1767620651834,31,200,true,15,15,31
1767620651834,31,200,true,15,15,31
1767620651834,32,200,true,15,15,32
1767620651862,28,200,true,15,15,28
1767620651862,29,200,true,15,15,29
1767620651863,28,200,true,15,15,28
1767620651863,28,200,true,15,15,28
1767620651863,28,200,true,15,15,28
1767620651864,27,200,true,15,15,27
1767620651864,28,200,true,15,15,28
1767620651864,28,200,true,15,15,28
1767620651864,28,200,true,15,15,28
1767620651865,27,200,true,15,15,27
1767620651865,27,200,true,15,15,27
1767620651865,28,200,true,15,15,28
1767620651865,28,200,true,15,15,28
1767620651865,28,200,true,15,15,28
1767620651866,27,200,true,15,15,27
1767620651891,37,200,true,15,15,37
1767620651891,37,200,true,15,15,37
1767620651891,37,200,true,15,15,37
1767620651891,38,200,true,15,15,38
1767620651891,38,200,true,15,15,38
1767620651891,38,200,true,15,15,38
1767620651892,37,200,true,15,15,37
1767620651892,38,200,true,15,15,38
1767620651892,38,200,true,15,15,38
1767620651892,38,200,true,15,15,38
1767620651892,38,200,true,15,15,38
1767620651893,38,200,true,15,15,38
1767620651893,38,200,true,15,15,38
1767620651893,38,200,true,15,15,38
1767620651893,52,200,true,15,15,52
1767620651928,34,200,true,15,15,34
1767620651928,34,200,true,15,15,34
1767620651928,34,200,true,15,15,34
1767620651929,34,200,true,15,15,34
1767620651929,34,200,true,15,15,34
1767620651929,34,200,true,15,15,34
1767620651929,34,200,true,15,15,34
1767620651930,33,200,true,15,15,33
1767620651930,34,200,true,15,15,34
1767620651930,34,200,true,15,15,34
1767620651931,33,200,true,15,15,33
1767620651931,33,200,true,15,15,33
1767620651931,33,200,true,15,15,33
1767620651931,34,200,true,15,15,34
1767620651945,20,200,true,15,15,20
1767620651962,34,200,true,15,15,34
1767620651962,34,200,true,15,15,34
1767620651962,34,200,true,15,15,34
1767620651963,34,200,true,15,15,34
1767620651963,34,200,true,15,15,34
1767620651963,34,200,true,15,15,34
1767620651963,34,200,true,15,15,34
1767620651964,33,200,true,15,15,33
1767620651964,34,200,true,15,15,34
1767620651964,34,200,true,15,15,34
1767620651964,34,200,true,15,15,34
1767620651964,34,200,true,15,15,34
1767620651964,34,200,true,15,15,34
1767620651965,34,200,true,15,15,34
1767620651965,34,200,true,15,15,34
1767620651996,29,200,true,15,15,29
1767620651996,29,200,true,15,15,29
1767620651996,29,200,true,15,15,29
1767620651997,28,200,true,15,15,28
1767620651997,29,200,true,15,15,29
1767620651997,29,200,true,15,15,29
1767620651997,29,200,true,15,15,29
1767620651997,29,200,true,15,15,29
1767620651998,28,200,true,15,15,28
1767620651998,28,200,true,15,15,28
1767620651998,29,200,true,15,15,29
1767620651998,29,200,true,15,15,29
1767620651998,29,200,true,15,15,29
1767620651999,28,200,true,15,15,28
1767620651999,29,200,true,15,15,29
1767620652025,28,200,true,15,15,28
1767620652025,28,200,true,15,15,28
1767620652025,28,200,true,15,15,28
1767620652025,28,200,true,15,15,28
1767620652026,27,200,true,15,15,27
1767620652026,27,200,true,15,15,27
1767620652026,28,200,true,15,15,28
1767620652026,28,200,true,15,15,28
1767620652026,28,200,true,15,15,28
1767620652027,27,200,true,15,15,27
1767620652027,28,200,true,15,15,28
1767620652027,28,200,true,15,15,28
1767620652027,28,200,true,15,15,28
1767620652027,28,200,true,15,15,28
1767620652028,27,200,true,15,15,27
1767620652053,28,200,true,15,15,28
1767620652053,28,200,true,15,15,28
1767620652053,28,200,true,15,15,28
1767620652053,28,200,true,15,15,28
1767620652053,29,200,true,15,15,29
1767620652054,28,200,true,15,15,28
1767620652054,28,200,true,15,15,28
1767620652054,28,200,true,15,15,28
1767620652054,28,200,true,15,15,28
1767620652054,29,200,true,15,15,29
1767620652055,28,200,true,15,15,28
1767620652055,28,200,true,15,15,28
1767620652055,28,200,true,15,15,28
1767620652055,28,200,true,15,15,28
1767620652055,29,200,true,15,15,29
1767620652081,33,200,true,15,15,33
1767620652081,34,200,true,15,15,33
1767620652081,34,200,true,15,15,34
1767620652081,34,200,true,15,15,34
1767620652082,33,200,true,15,15,33
1767620652082,33,200,true,15,15,33
1767620652082,33,200,true,15,15,33
1767620652082,34,200,true,15,15,34
1767620652082,34,200,true,15,15,34
1767620652083,33,200,true,15,15,33
1767620652083,33,200,true,15,15,33
1767620652083,33,200,true,15,15,33
1767620652083,34,200,true,15,15,34
1767620652083,34,200,true,15,15,34
1767620652084,33,200,true,15,15,33
1767620652115,28,200,true,15,15,28
1767620652115,28,200,true,15,15,28
1767620652115,28,200,true,15,15,28
1767620652115,28,200,true,15,15,28
1767620652115,28,200,true,15,15,28
1767620652115,29,200,true,15,15,28
1767620652116,28,200,true,15,15,28
1767620652116,28,200,true,15,15,28
1767620652116,28,200,true,15,15,28
1767620652116,28,200,true,15,15,28
1767620652116,28,200,true,15,15,28
1767620652117,28,200,true,15,15,28
1767620652117,28,200,true,15,15,28
1767620652117,28,200,true,15,15,28
1767620652117,28,200,true,15,15,28
1767620652143,28,200,true,15,15,28
1767620652143,29,200,true,15,15,29
1767620652143,29,200,true,15,15,29
1767620652143,29,200,true,15,15,29
1767620652143,29,200,true,15,15,29
1767620652144,28,200,true,15,15,28
1767620652144,29,200,true,15,15,29
1767620652144,29,200,true,15,15,29
1767620652144,29,200,true,15,15,29
1767620652144,29,200,true,15,15,29
1767620652145,28,200,true,15,15,28
1767620652145,29,200,true,15,15,29
1767620652145,29,200,true,15,15,29
1767620652145,29,200,true,15,15,29
1767620652145,29,200,true,15,15,29
1767620652172,32,200,true,15,15,32
1767620652172,32,200,true,15,15,32
1767620652172,32,200,true,15,15,32
1767620652172,32,200,true,15,15,32
1767620652172,32,200,true,15,15,32
1767620652172,33,200,true,15,15,33
1767620652173,32,200,true,15,15,32
1767620652173,32,200,true,15,15,32
1767620652173,32,200,true,15,15,32
1767620652173,32,200,true,15,15,32
1767620652173,33,200,true,15,15,33
1767620652174,32,200,true,15,15,32
1767620652174,32,200,true,15,15,32
1767620652174,32,200,true,15,15,32
1767620652174,32,200,true,15,15,32
1767620652204,28,200,true,15,15,28
1767620652204,28,200,true,15,15,28
1767620652204,28,200,true,15,15,28
1767620652204,28,200,true,15,15,28
1767620652204,29,200,true,15,15,29
1767620652205,28,200,true,15,15,28
1767620652205,28,200,true,15,15,28
1767620652205,28,200,true,15,15,28
1767620652205,28,200,true,15,15,28
1767620652205,29,200,true,15,15,29
1767620652206,28,200,true,15,15,28
1767620652206,28,200,true,15,15,28
1767620652206,28,200,true,15,15,28
1767620652206,28,200,true,15,15,28
1767620652207,28,200,true,15,15,28
1767620652232,34,200,true,15,15,34
1767620652232,34,200,true,15,15,34
1767620652232,34,200,true,15,15,34
1767620652232,34,200,true,15,15,34
1767620652233,33,200,true,15,15,33
1767620652233,34,200,true,15,15,33
1767620652233,34,200,true,15,15,34
1767620652233,34,200,true,15,15,34
1767620652233,34,200,true,15,15,34
1767620652234,33,200,true,15,15,33
1767620652234,34,200,true,15,15,34
1767620652234,34,200,true,15,15,34
1767620652234,34,200,true,15,15,34
1767620652234,34,200,true,15,15,34
1767620652235,33,200,true,15,15,33
1767620652266,28,200,true,15,15,28
1767620652266,28,200,true,15,15,28
1767620652266,28,200,true,15,15,28
1767620652266,28,200,true,15,15,28
1767620652266,28,200,true,15,15,28
1767620652267,27,200,true,15,15,27
1767620652267,28,200,true,15,15,28
1767620652267,28,200,true,15,15,28
1767620652267,28,200,true,15,15,28
1767620652267,28,200,true,15,15,28
1767620652268,28,200,true,15,15,28
1767620652268,28,200,true,15,15,28
1767620652268,28,200,true,15,15,28
1767620652268,28,200,true,15,15,28
1767620652268,28,200,true,15,15,28
1767620652294,28,200,true,15,15,28
1767620652294,28,200,true,15,15,28
1767620652294,28,200,true,15,15,28
1767620652294,28,200,true,15,15,28
1767620652294,28,200,true,15,15,28
1767620652295,27,200,true,15,15,27
1767620652295,28,200,true,15,15,28
1767620652295,28,200,true,15,15,28
1767620652295,28,200,true,15,15,28
1767620652295,28,200,true,15,15,28
1767620652296,27,200,true,15,15,27
1767620652296,28,200,true,15,15,28
1767620652296,28,200,true,15,15,28
1767620652296,28,200,true,15,15,28
1767620652296,28,200,true,15,15,28
1767620652322,28,200,true,15,15,28
1767620652322,28,200,true,15,15,28
1767620652322,28,200,true,15,15,28
1767620652322,28,200,true,15,15,28
1767620652322,29,200,true,15,15,29
1767620652323,28,200,true,15,15,28
1767620652323,28,200,true,15,15,28
1767620652323,28,200,true,15,15,28
1767620652323,28,200,true,15,15,28
1767620652323,29,200,true,15,15,29
1767620652323,29,200,true,15,15,29
1767620652324,28,200,true,15,15,28
1767620652324,28,200,true,15,15,28
1767620652324,28,200,true,15,15,28
1767620652324,29,200,true,15,15,29
1767620652350,31,200,true,15,15,31
1767620652350,31,200,true,15,15,31
1767620652350,31,200,true,15,15,31
1767620652351,31,200,true,15,15,31
1767620652351,31,200,true,15,15,31
1767620652351,31,200,true,15,15,31
1767620652351,31,200,true,15,15,31
1767620652351,31,200,true,15,15,31
1767620652352,31,200,true,15,15,31
1767620652352,31,200,true,15,15,31
1767620652352,31,200,true,15,15,31
1767620652352,31,200,true,15,15,31
1767620652352,31,200,true,15,15,31
1767620652353,31,200,true,15,15,31
1767620652353,31,200,true,15,15,31
1767620652381,31,200,true,15,15,31
1767620652381,31,200,true,15,15,31
1767620652381,31,200,true,15,15,31
1767620652382,31,200,true,15,15,31
1767620652382,31,200,true,15,15,31
1767620652382,31,200,true,15,15,31
1767620652382,31,200,true,15,15,31
1767620652383,31,200,true,15,15,31
1767620652383,31,200,true,15,15,31
1767620652383,31,200,true,15,15,31
1767620652383,31,200,true,15,15,31
1767620652383,31,200,true,15,15,31
1767620652384,31,200,true,15,15,30
1767620652384,31,200,true,15,15,31
1767620652384,31,200,true,15,15,31
1767620652412,49,200,true,15,15,49
1767620652412,54,200,true,15,15,54
1767620652413,53,200,true,15,15,53
1767620652413,54,200,true,15,15,54
1767620652413,54,200,true,15,15,54
1767620652413,54,200,true,15,15,54
1767620652413,54,200,true,15,15,54
1767620652414,54,200,true,15,15,54
1767620652414,54,200,true,15,15,54
1767620652414,54,200,true,15,15,54
1767620652414,54,200,true,15,15,54
1767620652414,54,200,true,15,15,54
1767620652415,54,200,true,15,15,54
1767620652415,54,200,true,15,15,54
1767620652415,54,200,true,15,15,54
1767620652461,37,200,true,15,15,37
1767620652466,32,200,true,15,15,32
1767620652467,31,200,true,15,15,31
1767620652467,32,200,true,15,15,32
1767620652467,32,200,true,15,15,32
1767620652467,32,200,true,15,15,32
1767620652467,32,200,true,15,15,32
1767620652468,32,200,true,15,15,32
1767620652468,32,200,true,15,15,32
1767620652468,32,200,true,15,15,32
1767620652468,32,200,true,15,15,32
1767620652469,31,200,true,15,15,31
1767620652469,32,200,true,15,15,32
1767620652469,32,200,true,15,15,32
1767620652469,32,200,true,15,15,32
1767620652498,28,200,true,15,15,28
1767620652498,28,200,true,15,15,28
1767620652499,28,200,true,15,15,28
1767620652499,28,200,true,15,15,28
1767620652499,28,200,true,15,15,28
1767620652499,28,200,true,15,15,28
1767620652499,29,200,true,15,15,29
1767620652500,28,200,true,15,15,28
1767620652500,28,200,true,15,15,28
1767620652500,28,200,true,15,15,28
1767620652500,28,200,true,15,15,28
1767620652500,29,200,true,15,15,29
1767620652501,28,200,true,15,15,28
1767620652501,28,200,true,15,15,28
1767620652501,28,200,true,15,15,28
1767620652527,28,200,true,15,15,28
1767620652527,28,200,true,15,15,28
1767620652527,28,200,true,15,15,28
1767620652527,28,200,true,15,15,28
1767620652527,29,200,true,15,15,29
1767620652527,29,200,true,15,15,29
1767620652528,28,200,true,15,15,28
1767620652528,28,200,true,15,15,28
1767620652528,29,200,true,15,15,29
1767620652528,29,200,true,15,15,29
1767620652528,29,200,true,15,15,29
1767620652529,28,200,true,15,15,28
1767620652529,29,200,true,15,15,29
1767620652529,29,200,true,15,15,29
1767620652529,29,200,true,15,15,29
1767620652555,35,200,true,15,15,35
1767620652555,35,200,true,15,15,35
1767620652555,35,200,true,15,15,35
1767620652555,35,200,true,15,15,35
1767620652556,35,200,true,15,15,35
1767620652556,35,200,true,15,15,35
1767620652556,35,200,true,15,15,35
1767620652556,35,200,true,15,15,35
1767620652557,34,200,true,15,15,34
1767620652557,35,200,true,15,15,35
1767620652557,35,200,true,15,15,35
1767620652557,35,200,true,15,15,35
1767620652558,34,200,true,15,15,34
1767620652558,34,200,true,15,15,34
1767620652558,35,200,true,15,15,35
1767620652590,29,200,true,15,15,29
1767620652590,29,200,true,15,15,29
1767620652590,29,200,true,15,15,29
1767620652590,30,200,true,15,15,30
1767620652591,29,200,true,15,15,29
1767620652591,29,200,true,15,15,29
1767620652591,29,200,true,15,15,29
1767620652591,29,200,true,15,15,29
1767620652591,29,200,true,15,15,29
1767620652592,29,200,true,15,15,29
1767620652592,29,200,true,15,15,29
1767620652592,29,200,true,15,15,29
1767620652592,29,200,true,15,15,29
1767620652592,29,200,true,15,15,29
1767620652593,29,200,true,15,15,29
1767620652619,28,200,true,15,15,28
1767620652619,28,200,true,15,15,28
1767620652619,29,200,true,15,15,29
1767620652620,28,200,true,15,15,28
1767620652620,28,200,true,15,15,28
1767620652620,28,200,true,15,15,28
1767620652620,28,200,true,15,15,28
1767620652620,29,200,true,15,15,29
1767620652621,28,200,true,15,15,28
1767620652621,28,200,true,15,15,28
1767620652621,28,200,true,15,15,28
1767620652621,28,200,true,15,15,28
1767620652621,29,200,true,15,15,29
1767620652622,28,200,true,15,15,28
1767620652622,28,200,true,15,15,28
1767620652647,29,200,true,15,15,28
1767620652647,29,200,true,15,15,29
1767620652648,28,200,true,15,15,28
1767620652648,28,200,true,15,15,28
1767620652648,29,200,true,15,15,29
1767620652648,29,200,true,15,15,29
1767620652648,29,200,true,15,15,29
1767620652649,28,200,true,15,15,28
1767620652649,29,200,true,15,15,29
1767620652649,29,200,true,15,15,29
1767620652649,29,200,true,15,15,29
1767620652650,28,200,true,15,15,28
1767620652650,29,200,true,15,15,29
1767620652650,29,200,true,15,15,29
1767620652650,29,200,true,15,15,29
1767620652676,32,200,true,15,15,32
1767620652676,32,200,true,15,15,32
1767620652676,33,200,true,15,15,33
1767620652676,33,200,true,15,15,33
1767620652677,32,200,true,15,15,32
1767620652677,32,200,true,15,15,32
1767620652677,32,200,true,15,15,32
1767620652678,32,200,true,15,15,32
1767620652678,32,200,true,15,15,32
1767620652678,32,200,true,15,15,32
1767620652678,32,200,true,15,15,32
1767620652679,31,200,true,15,15,31
1767620652679,32,200,true,15,15,32
1767620652679,32,200,true,15,15,32
1767620652679,32,200,true,15,15,32
1767620652708,29,200,true,15,15,29
1767620652708,30,200,true,15,15,30
1767620652709,29,200,true,15,15,29
1767620652709,29,200,true,15,15,29
1767620652709,29,200,true,15,15,29
1767620652709,29,200,true,15,15,29
1767620652709,30,200,true,15,15,30
1767620652710,29,200,true,15,15,29
1767620652710,29,200,true,15,15,29
1767620652710,29,200,true,15,15,29
1767620652710,29,200,true,15,15,29
1767620652710,30,200,true,15,15,30
1767620652711,29,200,true,15,15,29
1767620652711,29,200,true,15,15,29
1767620652711,29,200,true,15,15,29
1767620652738,35,200,true,15,15,35
1767620652738,35,200,true,15,15,35
1767620652738,35,200,true,15,15,35
1767620652738,35,200,true,15,15,35
1767620652738,36,200,true,15,15,36
1767620652738,36,200,true,15,15,36
1767620652739,35,200,true,15,15,35
1767620652739,35,200,true,15,15,35
1767620652739,35,200,true,15,15,35
1767620652739,36,200,true,15,15,36
1767620652740,35,200,true,15,15,35
1767620652740,35,200,true,15,15,35
1767620652740,35,200,true,15,15,35
1767620652740,35,200,true,15,15,35
1767620652741,35,200,true,15,15,35
1767620652773,31,200,true,15,15,31
1767620652773,31,200,true,15,15,31
1767620652773,31,200,true,15,15,31
1767620652773,32,200,true,15,15,32
1767620652774,31,200,true,15,15,31
1767620652774,31,200,true,15,15,31
1767620652774,32,200,true,15,15,32
1767620652774,32,200,true,15,15,32
1767620652774,32,200,true,15,15,32
1767620652775,31,200,true,15,15,31
1767620652775,31,200,true,15,15,31
1767620652775,32,200,true,15,15,32
1767620652775,32,200,true,15,15,32
1767620652776,31,200,true,15,15,31
1767620652776,31,200,true,15,15,31
1767620652804,29,200,true,15,15,29
1767620652804,29,200,true,15,15,29
1767620652805,28,200,true,15,15,28
1767620652805,28,200,true,15,15,28
1767620652805,28,200,true,15,15,28
1767620652805,29,200,true,15,15,29
1767620652806,28,200,true,15,15,28
1767620652806,28,200,true,15,15,28
1767620652806,28,200,true,15,15,28
1767620652806,28,200,true,15,15,28
1767620652806,29,200,true,15,15,29
1767620652807,28,200,true,15,15,28
1767620652807,28,200,true,15,15,28
1767620652807,28,200,true,15,15,28
1767620652807,28,200,true,15,15,28
1767620652833,31,200,true,15,15,31
1767620652833,31,200,true,15,15,31
1767620652833,31,200,true,15,15,31
1767620652833,32,200,true,15,15,32
1767620652833,32,200,true,15,15,32
1767620652834,31,200,true,15,15,31
1767620652834,31,200,true,15,15,31
1767620652834,31,200,true,15,15,31
1767620652834,32,200,true,15,15,32
1767620652834,32,200,true,15,15,32
1767620652835,31,200,true,15,15,31
1767620652835,31,200,true,15,15,31
1767620652835,31,200,true,15,15,31
1767620652835,32,200,true,15,15,32
1767620652835,32,200,true,15,15,32
1767620652864,28,200,true,15,15,28
1767620652864,28,200,true,15,15,28
1767620652864,28,200,true,15,15,28
1767620652865,27,200,true,15,15,27
1767620652865,27,200,true,15,15,27
1767620652865,28,200,true,15,15,28
1767620652865,28,200,true,15,15,28
1767620652865,28,200,true,15,15,28
1767620652866,27,200,true,15,15,27
1767620652866,27,200,true,15,15,27
1767620652866,28,200,true,15,15,28
1767620652866,28,200,true,15,15,28
1767620652866,28,200,true,15,15,28
1767620652867,27,200,true,15,15,27
1767620652867,28,200,true,15,15,28
1767620652892,29,200,true,15,15,29
1767620652892,29,200,true,15,15,29
1767620652892,29,200,true,15,15,29
1767620652892,30,200,true,15,15,30
1767620652893,29,200,true,15,15,29
1767620652893,29,200,true,15,15,29
1767620652893,29,200,true,15,15,29
1767620652893,30,200,true,15,15,30
1767620652893,30,200,true,15,15,30
1767620652894,29,200,true,15,15,29
1767620652894,29,200,true,15,15,29
1767620652894,29,200,true,15,15,29
1767620652894,30,200,true,15,15,30
1767620652894,30,200,true,15,15,30
1767620652895,29,200,true,15,15,29
1767620652921,57,200,true,15,15,57
1767620652921,58,200,true,15,15,58
1767620652921,58,200,true,15,15,58
1767620652922,64,200,true,15,15,64
1767620652922,64,200,true,15,15,64
1767620652922,65,200,true,15,15,65
1767620652922,65,200,true,15,15,65
1767620652923,65,200,true,15,15,65
1767620652923,65,200,true,15,15,65
1767620652923,65,200,true,15,15,65
1767620652923,66,200,true,15,15,66
1767620652923,66,200,true,15,15,66
1767620652924,65,200,true,15,15,65
1767620652924,65,200,true,15,15,65
1767620652924,66,200,true,15,15,66
1767620652979,42,200,true,15,15,42
1767620652979,42,200,true,15,15,42
1767620652979,43,200,true,15,15,43
1767620652986,36,200,true,15,15,36
1767620652986,36,200,true,15,15,36
1767620652987,35,200,true,15,15,35
1767620652987,36,200,true,15,15,36
1767620652988,35,200,true,15,15,35
1767620652988,35,200,true,15,15,35
1767620652988,36,200,true,15,15,36
1767620652989,35,200,true,15,15,35
1767620652989,35,200,true,15,15,35
1767620652989,35,200,true,15,15,35
1767620652989,36,200,true,15,15,36
1767620652990,35,200,true,15,15,35
1767620653021,30,200,true,15,15,30
1767620653022,29,200,true,15,15,29
1767620653022,29,200,true,15,15,29
1767620653022,29,200,true,15,15,29
1767620653022,30,200,true,15,15,30
1767620653022,30,200,true,15,15,30
1767620653023,29,200,true,15,15,29
1767620653023,29,200,true,15,15,29
1767620653023,29,200,true,15,15,29
1767620653024,29,200,true,15,15,29
1767620653024,29,200,true,15,15,29
1767620653024,29,200,true,15,15,29
1767620653025,28,200,true,15,15,28
1767620653025,28,200,true,15,15,28
1767620653025,29,200,true,15,15,29
1767620653051,34,200,true,15,15,34
1767620653051,34,200,true,15,15,34
1767620653051,34,200,true,15,15,34
1767620653052,33,200,true,15,15,33
1767620653052,34,200,true,15,15,34
1767620653052,34,200,true,15,15,34
1767620653052,34,200,true,15,15,34
1767620653052,34,200,true,15,15,34
1767620653052,34,200,true,15,15,34
1767620653053,34,200,true,15,15,34
1767620653053,34,200,true,15,15,34
1767620653053,34,200,true,15,15,34
1767620653053,34,200,true,15,15,34
1767620653053,34,200,true,15,15,34
1767620653054,34,200,true,15,15,34
1767620653085,29,200,true,15,15,29
1767620653085,29,200,true,15,15,29
1767620653085,29,200,true,15,15,29
1767620653086,29,200,true,15,15,29
1767620653086,29,200,true,15,15,29
1767620653086,29,200,true,15,15,29
1767620653086,29,200,true,15,15,29
1767620653086,30,200,true,15,15,30
1767620653087,29,200,true,15,15,29
1767620653087,29,200,true,15,15,29
1767620653087,29,200,true,15,15,29
1767620653087,29,200,true,15,15,29
1767620653087,30,200,true,15,15,30
1767620653088,29,200,true,15,15,29
1767620653088,29,200,true,15,15,29
1767620653114,28,200,true,15,15,28
1767620653114,28,200,true,15,15,28
1767620653115,27,200,true,15,15,27
1767620653115,28,200,true,15,15,28
1767620653115,28,200,true,15,15,28
1767620653115,28,200,true,15,15,28
1767620653115,28,200,true,15,15,28
1767620653116,28,200,true,15,15,28
1767620653116,28,200,true,15,15,28
1767620653116,28,200,true,15,15,28
1767620653116,28,200,true,15,15,28
1767620653117,27,200,true,15,15,27
1767620653117,28,200,true,15,15,28
1767620653117,28,200,true,15,15,28
1767620653117,28,200,true,15,15,28
1767620653142,28,200,true,15,15,28
1767620653142,28,200,true,15,15,28
1767620653143,27,200,true,15,15,27
1767620653143,27,200,true,15,15,27
1767620653143,27,200,true,15,15,27
1767620653143,28,200,true,15,15,28
1767620653143,28,200,true,15,15,28
1767620653144,27,200,true,15,15,27
1767620653144,27,200,true,15,15,27
1767620653144,28,200,true,15,15,28
1767620653144,28,200,true,15,15,28
1767620653144,28,200,true,15,15,28
1767620653145,27,200,true,15,15,27
1767620653145,27,200,true,15,15,27
1767620653145,28,200,true,15,15,28
1767620653170,29,200,true,15,15,29
1767620653170,30,200,true,15,15,30
1767620653170,30,200,true,15,15,30
1767620653170,30,200,true,15,15,30
1767620653170,30,200,true,15,15,30
1767620653171,29,200,true,15,15,29
1767620653171,30,200,true,15,15,30
1767620653171,30,200,true,15,15,30
1767620653172,29,200,true,15,15,29
1767620653172,29,200,true,15,15,29
1767620653172,29,200,true,15,15,29
1767620653172,30,200,true,15,15,30
1767620653172,30,200,true,15,15,30
1767620653173,29,200,true,15,15,29
1767620653173,29,200,true,15,15,29
1767620653200,30,200,true,15,15,30
1767620653200,30,200,true,15,15,30
1767620653200,30,200,true,15,15,30
1767620653200,30,200,true,15,15,30
1767620653200,31,200,true,15,15,31
1767620653200,31,200,true,15,15,31
1767620653201,30,200,true,15,15,30
1767620653201,30,200,true,15,15,30
1767620653201,30,200,true,15,15,30
1767620653201,31,200,true,15,15,31
1767620653201,31,200,true,15,15,31
1767620653202,30,200,true,15,15,30
1767620653202,30,200,true,15,15,30
1767620653202,30,200,true,15,15,30
1767620653202,31,200,true,15,15,31
1767620653230,34,200,true,15,15,34
1767620653230,34,200,true,15,15,34
1767620653230,34,200,true,15,15,34
1767620653230,35,200,true,15,15,35
1767620653231,34,200,true,15,15,34
1767620653231,34,200,true,15,15,34
1767620653231,34,200,true,15,15,34
1767620653231,34,200,true,15,15,34
1767620653231,35,200,true,15,15,35
1767620653232,34,200,true,15,15,34
1767620653232,34,200,true,15,15,34
1767620653232,34,200,true,15,15,34
1767620653232,34,200,true,15,15,34
1767620653233,34,200,true,15,15,34
1767620653233,34,200,true,15,15,34
1767620653264,28,200,true,15,15,28
1767620653264,28,200,true,15,15,28
1767620653264,28,200,true,15,15,28
1767620653265,27,200,true,15,15,27
1767620653265,27,200,true,15,15,27
1767620653265,28,200,true,15,15,28
1767620653265,28,200,true,15,15,28
1767620653266,27,200,true,15,15,27
1767620653266,27,200,true,15,15,27
1767620653266,27,200,true,15,15,27
1767620653266,28,200,true,15,15,28
1767620653266,28,200,true,15,15,28
1767620653266,28,200,true,15,15,28
1767620653267,27,200,true,15,15,27
1767620653267,28,200,true,15,15,28
1767620653292,27,200,true,15,15,27
1767620653292,27,200,true,15,15,27
1767620653292,27,200,true,15,15,27
1767620653292,27,200,true,15,15,27
1767620653292,28,200,true,15,15,28
1767620653293,27,200,true,15,15,27
1767620653293,27,200,true,15,15,27
1767620653293,27,200,true,15,15,27
1767620653293,28,200,true,15,15,28
1767620653293,28,200,true,15,15,28
1767620653294,27,200,true,15,15,27
1767620653294,27,200,true,15,15,27
1767620653294,28,200,true,15,15,28
1767620653294,28,200,true,15,15,28
1767620653295,27,200,true,15,15,27
1767620653319,29,200,true,15,15,29
1767620653319,29,200,true,15,15,29
1767620653319,30,200,true,15,15,30
1767620653320,29,200,true,15,15,29
1767620653320,29,200,true,15,15,29
1767620653320,29,200,true,15,15,29
1767620653320,29,200,true,15,15,29
1767620653320,30,200,true,15,15,30
1767620653321,29,200,true,15,15,29
1767620653321,29,200,true,15,15,29
1767620653321,29,200,true,15,15,29
1767620653321,30,200,true,15,15,30
1767620653322,29,200,true,15,15,29
1767620653322,29,200,true,15,15,29
1767620653322,30,200,true,15,15,30
1767620653348,39,200,true,15,15,39
1767620653349,38,200,true,15,15,38
1767620653349,38,200,true,15,15,38
1767620653349,38,200,true,15,15,38
1767620653349,38,200,true,15,15,38
1767620653349,38,200,true,15,15,38
1767620653350,38,200,true,15,15,38
1767620653350,38,200,true,15,15,38
1767620653350,38,200,true,15,15,38
1767620653350,38,200,true,15,15,38
1767620653350,38,200,true,15,15,38
1767620653351,38,200,true,15,15,38
1767620653351,38,200,true,15,15,38
1767620653351,38,200,true,15,15,38
1767620653352,37,200,true,15,15,37
1767620653387,27,200,true,15,15,27
1767620653387,28,200,true,15,15,28
1767620653387,28,200,true,15,15,28
1767620653387,28,200,true,15,15,28
1767620653387,28,200,true,15,15,28
1767620653388,27,200,true,15,15,27
1767620653388,28,200,true,15,15,28
1767620653388,28,200,true,15,15,28
1767620653388,28,200,true,15,15,28
1767620653388,28,200,true,15,15,28
1767620653389,27,200,true,15,15,27
1767620653389,28,200,true,15,15,28
1767620653389,28,200,true,15,15,28
1767620653389,28,200,true,15,15,28
1767620653389,28,200,true,15,15,28
1767620653415,31,200,true,15,15,31
1767620653415,31,200,true,15,15,31
1767620653415,31,200,true,15,15,31
1767620653415,31,200,true,15,15,31
1767620653415,32,200,true,15,15,32
1767620653415,32,200,true,15,15,32
1767620653416,31,200,true,15,15,31
1767620653416,31,200,true,15,15,31
1767620653416,31,200,true,15,15,31
1767620653416,32,200,true,15,15,32
1767620653416,32,200,true,15,15,32
1767620653417,31,200,true,15,15,31
1767620653417,31,200,true,15,15,31
1767620653417,31,200,true,15,15,31
1767620653417,32,200,true,15,15,32
1767620653446,29,200,true,15,15,29
1767620653446,29,200,true,15,15,29
1767620653446,30,200,true,15,15,30
1767620653446,30,200,true,15,15,30
1767620653447,29,200,true,15,15,29
1767620653447,29,200,true,15,15,29
1767620653447,29,200,true,15,15,29
1767620653447,29,200,true,15,15,29
1767620653447,30,200,true,15,15,30
1767620653448,29,200,true,15,15,29
1767620653448,29,200,true,15,15,29
1767620653448,29,200,true,15,15,29
1767620653448,30,200,true,15,15,30
1767620653448,30,200,true,15,15,30
1767620653449,29,200,true,15,15,29
1767620653476,30,200,true,15,15,30
1767620653476,31,200,true,15,15,31
1767620653476,31,200,true,15,15,31
1767620653476,31,200,true,15,15,31
1767620653476,31,200,true,15,15,31
1767620653476,32,200,true,15,15,32
1767620653476,32,200,true,15,15,32
1767620653477,31,200,true,15,15,31
1767620653477,31,200,true,15,15,31
1767620653477,31,200,true,15,15,31
1767620653477,32,200,true,15,15,32
1767620653477,32,200,true,15,15,32
1767620653478,31,200,true,15,15,31
1767620653478,31,200,true,15,15,31
1767620653478,31,200,true,15,15,31
1767620653507,28,200,true,15,15,28
1767620653507,28,200,true,15,15,28
1767620653507,28,200,true,15,15,28
1767620653507,28,200,true,15,15,28
1767620653507,29,200,true,15,15,29
1767620653508,28,200,true,15,15,28
1767620653508,28,200,true,15,15,28
1767620653508,28,200,true,15,15,28
1767620653508,28,200,true,15,15,28
1767620653508,29,200,true,15,15,29
1767620653509,28,200,true,15,15,28
1767620653509,28,200,true,15,15,28
1767620653509,28,200,true,15,15,28
1767620653509,28,200,true,15,15,28
1767620653509,29,200,true,15,15,29
1767620653535,28,200,true,15,15,28
1767620653535,28,200,true,15,15,28
1767620653535,28,200,true,15,15,28
1767620653536,27,200,true,15,15,27
1767620653536,27,200,true,15,15,27
1767620653536,28,200,true,15,15,28
1767620653536,28,200,true,15,15,28
1767620653536,28,200,true,15,15,28
1767620653536,28,200,true,15,15,28
1767620653537,27,200,true,15,15,27
1767620653537,28,200,true,15,15,28
1767620653537,28,200,true,15,15,28
1767620653537,28,200,true,15,15,28
1767620653538,27,200,true,15,15,27
1767620653538,27,200,true,15,15,27
1767620653563,36,200,true,15,15,36
1767620653563,36,200,true,15,15,36
1767620653563,37,200,true,15,15,37
1767620653563,37,200,true,15,15,37
1767620653563,37,200,true,15,15,37
1767620653564,36,200,true,15,15,36
1767620653564,36,200,true,15,15,36
1767620653564,37,200,true,15,15,37
1767620653564,37,200,true,15,15,37
1767620653564,37,200,true,15,15,37
1767620653565,36,200,true,15,15,36
1767620653565,36,200,true,15,15,36
1767620653565,37,200,true,15,15,37
1767620653565,37,200,true,15,15,37
1767620653565,37,200,true,15,15,37
1767620653600,27,200,true,15,15,27
1767620653600,27,200,true,15,15,27
1767620653600,27,200,true,15,15,27
1767620653600,28,200,true,15,15,28
1767620653600,28,200,true,15,15,28
1767620653600,28,200,true,15,15,28
1767620653601,27,200,true,15,15,27
1767620653601,28,200,true,15,15,28
1767620653601,28,200,true,15,15,28
1767620653601,28,200,true,15,15,28
1767620653601,28,200,true,15,15,28
1767620653602,27,200,true,15,15,27
1767620653602,27,200,true,15,15,27
1767620653602,28,200,true,15,15,28
1767620653602,28,200,true,15,15,28
1767620653627,28,200,true,15,15,28
1767620653627,28,200,true,15,15,28
1767620653627,29,200,true,15,15,29
1767620653628,28,200,true,15,15,28
1767620653628,28,200,true,15,15,28
1767620653628,28,200,true,15,15,28
1767620653628,29,200,true,15,15,29
1767620653629,28,200,true,15,15,28
1767620653629,28,200,true,15,15,28
1767620653629,28,200,true,15,15,28
1767620653629,29,200,true,15,15,29
1767620653629,29,200,true,15,15,29
1767620653630,28,200,true,15,15,28
1767620653630,28,200,true,15,15,28
1767620653630,28,200,true,15,15,28
1767620653655,28,200,true,15,15,28
1767620653655,29,200,true,15,15,28
1767620653656,28,200,true,15,15,28
1767620653656,28,200,true,15,15,28
1767620653656,28,200,true,15,15,28
1767620653656,28,200,true,15,15,28
1767620653657,27,200,true,15,15,27
1767620653657,28,200,true,15,15,28
1767620653657,28,200,true,15,15,28
1767620653657,28,200,true,15,15,28
1767620653658,27,200,true,15,15,27
1767620653658,28,200,true,15,15,28
1767620653658,28,200,true,15,15,28
1767620653658,28,200,true,15,15,28
1767620653658,28,200,true,15,15,28
1767620653684,27,200,true,15,15,27
1767620653684,27,200,true,15,15,27
1767620653684,27,200,true,15,15,27
1767620653684,28,200,true,15,15,28
1767620653684,28,200,true,15,15,28
1767620653684,28,200,true,15,15,28
1767620653684,28,200,true,15,15,28
1767620653685,27,200,true,15,15,27
1767620653685,28,200,true,15,15,28
1767620653685,28,200,true,15,15,28
1767620653685,28,200,true,15,15,28
1767620653686,27,200,true,15,15,27
1767620653686,27,200,true,15,15,27
1767620653686,28,200,true,15,15,28
1767620653686,28,200,true,15,15,28
1767620653711,28,200,true,15,15,28
1767620653711,28,200,true,15,15,28
1767620653711,28,200,true,15,15,28
1767620653712,27,200,true,15,15,27
1767620653712,28,200,true,15,15,28
1767620653712,28,200,true,15,15,28
1767620653712,28,200,true,15,15,28
1767620653712,28,200,true,15,15,28
1767620653713,27,200,true,15,15,27
1767620653713,28,200,true,15,15,28
1767620653713,28,200,true,15,15,28
1767620653713,28,200,true,15,15,28
1767620653713,28,200,true,15,15,28
1767620653714,27,200,true,15,15,27
1767620653714,28,200,true,15,15,28
1767620653739,37,200,true,15,15,37
1767620653739,37,200,true,15,15,37
1767620653739,37,200,true,15,15,37
1767620653739,38,200,true,15,15,38
1767620653740,37,200,true,15,15,37
1767620653740,37,200,true,15,15,37
1767620653740,37,200,true,15,15,37
1767620653740,37,200,true,15,15,37
1767620653740,38,200,true,15,15,38
1767620653741,37,200,true,15,15,37
1767620653741,37,200,true,15,15,37
1767620653741,37,200,true,15,15,37
1767620653741,37,200,true,15,15,37
1767620653741,38,200,true,15,15,38
1767620653742,37,200,true,15,15,37
1767620653776,30,200,true,15,15,30
1767620653776,30,200,true,15,15,30
1767620653776,30,200,true,15,15,30
1767620653777,30,200,true,15,15,30
1767620653777,30,200,true,15,15,30
1767620653777,30,200,true,15,15,30
1767620653777,30,200,true,15,15,30
1767620653777,30,200,true,15,15,30
1767620653778,30,200,true,15,15,30
1767620653778,30,200,true,15,15,30
1767620653778,30,200,true,15,15,30
1767620653778,30,200,true,15,15,30
1767620653779,29,200,true,15,15,29
1767620653779,30,200,true,15,15,30
1767620653779,33,200,true,15,15,33
1767620653806,29,200,true,15,15,29
1767620653806,29,200,true,15,15,29
1767620653806,29,200,true,15,15,29
1767620653807,28,200,true,15,15,28
1767620653807,29,200,true,15,15,29
1767620653807,29,200,true,15,15,29
1767620653807,29,200,true,15,15,29
1767620653808,28,200,true,15,15,28
1767620653808,28,200,true,15,15,28
1767620653808,29,200,true,15,15,29
1767620653808,29,200,true,15,15,29
1767620653808,29,200,true,15,15,29
1767620653809,28,200,true,15,15,28
1767620653809,28,200,true,15,15,28
1767620653812,26,200,true,15,15,26
1767620653835,28,200,true,15,15,28
1767620653835,28,200,true,15,15,28
1767620653835,28,200,true,15,15,28
1767620653836,28,200,true,15,15,28
1767620653836,28,200,true,15,15,28
1767620653836,28,200,true,15,15,28
1767620653836,28,200,true,15,15,28
1767620653836,28,200,true,15,15,28
1767620653836,29,200,true,15,15,29
1767620653837,28,200,true,15,15,28
1767620653837,28,200,true,15,15,28
1767620653837,28,200,true,15,15,28
1767620653837,28,200,true,15,15,28
1767620653837,29,200,true,15,15,29
1767620653838,28,200,true,15,15,28
1767620653863,31,200,true,15,15,31
1767620653863,31,200,true,15,15,31
1767620653863,31,200,true,15,15,31
1767620653864,30,200,true,15,15,30
1767620653864,31,200,true,15,15,31
1767620653864,31,200,true,15,15,31
1767620653864,31,200,true,15,15,31
1767620653865,30,200,true,15,15,30
1767620653865,30,200,true,15,15,30
1767620653865,31,200,true,15,15,31
1767620653865,31,200,true,15,15,31
1767620653865,31,200,true,15,15,31
1767620653865,31,200,true,15,15,31
1767620653866,30,200,true,15,15,30
1767620653866,31,200,true,15,15,31
1767620653894,27,200,true,15,15,27
1767620653894,27,200,true,15,15,27
1767620653894,27,200,true,15,15,27
1767620653894,28,200,true,15,15,28
1767620653895,27,200,true,15,15,27
1767620653895,27,200,true,15,15,27
1767620653895,27,200,true,15,15,27
1767620653895,27,200,true,15,15,27
1767620653895,28,200,true,15,15,28
1767620653896,27,200,true,15,15,27
1767620653896,27,200,true,15,15,27
1767620653896,27,200,true,15,15,27
1767620653896,27,200,true,15,15,27
1767620653896,28,200,true,15,15,28
1767620653897,27,200,true,15,15,27
1767620653921,38,200,true,15,15,38
1767620653921,38,200,true,15,15,38
1767620653921,38,200,true,15,15,38
1767620653922,37,200,true,15,15,37
1767620653922,37,200,true,15,15,37
1767620653922,38,200,true,15,15,38
1767620653922,38,200,true,15,15,38
1767620653922,38,200,true,15,15,38
1767620653923,37,200,true,15,15,37
1767620653923,37,200,true,15,15,37
1767620653923,38,200,true,15,15,38
1767620653923,38,200,true,15,15,38
1767620653923,38,200,true,15,15,38
1767620653924,37,200,true,15,15,37
1767620653924,37,200,true,15,15,37
1767620653959,30,200,true,15,15,30
1767620653959,30,200,true,15,15,30
1767620653959,30,200,true,15,15,30
1767620653959,30,200,true,15,15,30
1767620653959,30,200,true,15,15,30
1767620653960,30,200,true,15,15,30
1767620653960,30,200,true,15,15,30
1767620653960,30,200,true,15,15,30
1767620653960,30,200,true,15,15,30
1767620653960,30,200,true,15,15,30
1767620653961,30,200,true,15,15,30
1767620653961,30,200,true,15,15,30
1767620653961,30,200,true,15,15,30
1767620653961,30,200,true,15,15,30
1767620653962,30,200,true,15,15,30
1767620653989,29,200,true,15,15,29
1767620653989,29,200,true,15,15,29
1767620653989,29,200,true,15,15,29
1767620653989,29,200,true,15,15,29
1767620653989,29,200,true,15,15,29
1767620653990,28,200,true,15,15,28
1767620653990,29,200,true,15,15,29
1767620653990,29,200,true,15,15,29
1767620653990,29,200,true,15,15,29
1767620653991,28,200,true,15,15,28
1767620653991,29,200,true,15,15,29
1767620653991,29,200,true,15,15,29
1767620653991,29,200,true,15,15,29
1767620653991,29,200,true,15,15,29
1767620653992,28,200,true,15,15,28
1767620654018,28,200,true,15,15,28
1767620654018,28,200,true,15,15,28
1767620654018,28,200,true,15,15,28
1767620654018,28,200,true,15,15,28
1767620654018,29,200,true,15,15,29
1767620654019,28,200,true,15,15,28
1767620654019,28,200,true,15,15,28
1767620654019,28,200,true,15,15,28
1767620654019,28,200,true,15,15,28
1767620654019,29,200,true,15,15,29
1767620654020,28,200,true,15,15,28
1767620654020,28,200,true,15,15,28
1767620654020,28,200,true,15,15,28
1767620654020,28,200,true,15,15,28
1767620654020,29,200,true,15,15,29
1767620654046,28,200,true,15,15,28
1767620654046,28,200,true,15,15,28
1767620654046,29,200,true,15,15,29
1767620654047,28,200,true,15,15,28
1767620654047,28,200,true,15,15,28
1767620654047,28,200,true,15,15,28
1767620654047,29,200,true,15,15,29
1767620654047,29,200,true,15,15,29
1767620654047,29,200,true,15,15,29
1767620654048,28,200,true,15,15,28
1767620654048,28,200,true,15,15,28
1767620654048,29,200,true,15,15,29
1767620654048,29,200,true,15,15,29
1767620654048,29,200,true,15,15,29
1767620654049,28,200,true,15,15,28
1767620654074,31,200,true,15,15,31
1767620654075,30,200,true,15,15,30
1767620654075,30,200,true,15,15,30
1767620654075,30,200,true,15,15,30
1767620654075,30,200,true,15,15,30
1767620654075,31,200,true,15,15,31
1767620654076,30,200,true,15,15,30
1767620654076,30,200,true,15,15,30
1767620654076,30,200,true,15,15,30
1767620654076,30,200,true,15,15,30
1767620654076,31,200,true,14,14,31
1767620654077,30,200,true,14,14,30
1767620654077,30,200,true,14,14,30
1767620654077,30,200,true,13,13,30
1767620654077,31,200,true,13,13,31
1767620654105,36,200,true,13,13,36
1767620654105,36,200,true,13,13,36
1767620654105,37,200,true,13,13,37
1767620654106,36,200,true,11,11,36
1767620654106,36,200,true,11,11,36
1767620654106,36,200,true,10,10,36
1767620654106,36,200,true,10,10,36
1767620654106,37,200,true,10,10,37
1767620654107,36,200,true,7,7,36
1767620654107,36,200,true,7,7,36
1767620654107,36,200,true,7,7,36
1767620654107,37,200,true,6,6,37
1767620654108,36,200,true,4,4,36
